Overlap Matrix (abs) of the orthonormalized projected bands for spin 1
 at k-point 0 0 0
maxDeviation is: 3.97735e-06
          1 1.06879e-11 5.12574e-15 2.31878e-14 2.24247e-13 4.76917e-13 6.43742e-14 2.81149e-13  3.1915e-14 1.20247e-12 2.56668e-13 2.22331e-11 2.25335e-14 1.26812e-12  1.5262e-14 5.92911e-13 1.44625e-14 6.27316e-13  1.0873e-14 9.80822e-13 4.09473e-11  3.0428e-12 2.39775e-12 6.69154e-11 2.09922e-10 5.57338e-13 1.98177e-14 1.50839e-12 6.18035e-15 9.88179e-12 3.25751e-11 5.08064e-11 5.99194e-09 3.46405e-10 2.26862e-09 2.75179e-11
1.06882e-11           1 1.68779e-14 7.36455e-14  7.2338e-13 1.48729e-12 2.03038e-13 9.14567e-13 1.00996e-13 3.76486e-12 8.22506e-13  6.9522e-11 7.22816e-14 4.07527e-12 4.69832e-14 1.90732e-12  4.5658e-14 1.96062e-12 3.31263e-14 3.06643e-12 1.28068e-10  9.8093e-12 7.75445e-12 2.09222e-10 6.56464e-10 1.81138e-12 2.12391e-14 4.69853e-12 2.54578e-14 3.18128e-11 1.04851e-10 1.63417e-10 1.87379e-08 1.11463e-09 7.09451e-09 8.61151e-11
5.47955e-15  1.6999e-14           1 1.00402e-15  4.9218e-16 1.12989e-15 1.89792e-16  9.6481e-16  4.5985e-16 2.14949e-15 5.80487e-16 3.54505e-14 3.16581e-15 1.40501e-15  7.2812e-16 8.08357e-16 6.47647e-16 1.48483e-15 4.31907e-16 1.33184e-15 6.94944e-14 6.91792e-15  2.1747e-14 9.37556e-14 3.52067e-13 6.38013e-15 1.54434e-14 9.60852e-15 6.32472e-15 1.89795e-14 4.46865e-14 6.41038e-14 9.45779e-12 4.51424e-13 3.58201e-12 1.75641e-14
2.33202e-14 7.36019e-14 1.01568e-15           1 6.14755e-16 3.84568e-15   2.106e-16  2.6922e-15 3.49442e-16 8.28799e-15  8.0959e-16  1.5322e-13 1.59036e-15  5.0759e-15 2.04854e-15 2.41178e-15 2.97685e-15 4.36592e-15 1.10688e-15 6.92077e-15 2.82674e-13 1.24128e-14 1.81155e-14 4.56782e-13 1.44812e-12 2.45194e-14 3.08771e-15 1.18183e-14 1.67828e-14 4.15788e-14 1.30929e-13 2.03832e-13 4.12525e-11 1.42494e-12 1.56116e-11  1.9266e-13
2.24373e-13 7.23456e-13 5.31953e-16 1.08554e-15           1 4.32674e-14 1.26881e-15 9.25505e-14 1.29526e-15 7.08603e-14 4.69137e-14 1.50212e-12 1.98079e-15 2.48905e-13 6.72373e-17 1.21545e-13 1.07329e-15 4.34203e-14 8.07311e-16 6.57218e-14 2.75723e-12 5.92253e-13 5.02569e-13 4.51876e-12 1.41703e-11 7.60631e-14 9.49269e-15 1.05399e-13 2.83097e-15 1.97831e-12 6.54551e-12 1.01403e-11 4.04709e-10 7.02685e-11 1.53077e-10 1.83429e-12
4.77072e-13 1.48705e-12 1.12412e-15 3.78225e-15 4.34092e-14           1 1.06113e-14 6.01357e-14 5.62559e-15 1.71202e-13 4.86436e-14  3.0939e-12 3.64713e-15 2.43825e-13   2.006e-15 1.15365e-13 1.88182e-15 8.67886e-14 1.52982e-15 1.36388e-13 5.69708e-12 5.89002e-13 4.65494e-13  9.3059e-12 2.92101e-11 1.03062e-13 4.21391e-15 2.13977e-13 1.14408e-14 1.91264e-12 6.26998e-12 9.79993e-12 8.33896e-10 6.70402e-11 3.15768e-10 3.80645e-12
6.41519e-14 2.02821e-13 2.80822e-16 1.00155e-16 1.69865e-15 1.06224e-14           1 6.30145e-15 2.00024e-16 2.08849e-14 2.13938e-15 4.22057e-13 6.93216e-16 1.18371e-14 7.65293e-16 5.96953e-15 9.19887e-16  1.2548e-14 1.45845e-16 1.82369e-14 7.82848e-13 3.10165e-14 2.75374e-14  1.2647e-12 3.99168e-12 6.89208e-16 1.55169e-14 3.03684e-14 1.02543e-14 1.00741e-13 3.00493e-13 4.97885e-13 1.13772e-10 3.46886e-12 4.30733e-11 5.20572e-13
2.80794e-13 9.14999e-13 9.76571e-16 2.71414e-15 9.18194e-14 6.00166e-14 5.93091e-15           1 3.90631e-15 8.49773e-14 8.56186e-14 1.89549e-12 3.73766e-15 4.53436e-13 1.22892e-15 2.19072e-13 1.19343e-16 5.51612e-14   1.157e-15 8.40996e-14 3.47798e-12 1.08653e-12 8.89658e-13 5.70335e-12 1.79035e-11 1.87537e-13 7.07598e-15 1.34462e-13 1.17265e-15 3.59674e-12  1.1804e-11 1.84196e-11 5.11038e-10 1.27636e-10 1.93235e-10 2.32279e-12
3.19335e-14 1.01013e-13 4.61965e-16  3.2473e-16 1.33411e-15 5.63858e-15  2.4196e-16 3.93396e-15           1 1.05034e-14 1.58444e-15 2.09862e-13 1.34351e-15 8.40267e-15 1.19242e-16 4.07951e-15 9.01663e-16 6.40008e-15 2.64413e-16 9.16817e-15 3.86239e-13 2.19664e-14 2.05233e-14 6.33886e-13 1.98385e-12 1.75741e-15 4.29642e-15 1.39848e-14 5.69213e-15 6.03074e-14 2.15686e-13 3.35751e-13 5.66507e-11 2.35083e-12 2.14389e-11 2.59962e-13
1.20257e-12 3.76474e-12 2.02401e-15  8.3459e-15 7.04302e-14 1.71226e-13 2.09085e-14  8.4703e-14 1.05068e-14           1 8.05329e-14  7.8306e-12 8.36132e-15 3.97469e-13 4.66327e-15 1.85298e-13 4.32595e-15  2.2156e-13 3.39555e-15 3.45604e-13 1.44258e-11 9.59088e-13 7.47214e-13 2.35712e-11 7.39315e-11 1.80707e-13 2.69676e-15 5.05737e-13 8.40089e-15 3.10293e-12 1.02006e-11 1.59255e-11 2.11059e-09 1.08456e-10 7.99075e-10 9.75107e-12
2.56477e-13 8.23471e-13 9.46953e-16 8.23621e-16 4.62716e-14 4.88786e-14 2.18767e-15  8.5529e-14 1.32373e-15 8.10051e-14           1 1.70845e-12 1.88618e-15 2.24618e-13 2.96282e-16  1.1022e-13 9.72094e-17 4.90874e-14 4.52177e-16 7.57031e-14 3.14342e-12  5.4485e-13 4.51314e-13  5.1498e-12 1.61474e-11 8.43417e-14  1.8008e-15  1.1584e-13 3.42371e-15 1.78363e-12 5.89165e-12 9.17607e-12 4.61297e-10 6.37306e-11 1.74498e-10 2.12472e-12
2.22313e-11 6.95212e-11 3.46381e-14 1.52561e-13 1.50203e-12  3.0942e-12 4.22212e-13  1.8953e-12 2.09795e-13 7.83094e-12 1.70867e-12           1 1.50134e-13 8.45645e-12 9.92457e-14 3.95687e-12 9.25667e-14 4.07882e-12 6.99943e-14 6.38004e-12 2.66373e-10 2.03627e-11 1.61363e-11 4.35178e-10 1.36545e-09 3.74933e-12 5.19857e-14 9.77983e-12  3.2665e-14 6.60513e-11 2.17679e-10 3.39192e-10 3.89753e-08 2.31344e-09 1.47567e-08  1.7909e-10
 2.3164e-14 7.21174e-14 1.95178e-15 9.12071e-16 2.28585e-15 3.65843e-15 8.03794e-16 3.57983e-15 7.79034e-16 8.40451e-15 1.82492e-15 1.50203e-13           1   9.582e-15 2.26833e-15 5.04708e-15 1.10806e-15 4.22354e-15 4.93077e-16 6.63308e-15   2.767e-13 2.43369e-14 1.91147e-14 4.52542e-13 1.42195e-12 3.11623e-15 3.25777e-15 1.15642e-14 2.33557e-15 7.84353e-14 2.59194e-13 4.02864e-13 4.05259e-11 2.78019e-12 1.53374e-11 1.88075e-13
1.26801e-12 4.07562e-12 1.49904e-15 5.35952e-15 2.47759e-13 2.43041e-13 1.07595e-14 4.53798e-13 8.18339e-15 3.98416e-13 2.24542e-13 8.45645e-12 9.46909e-15           1 2.56639e-15 5.84641e-13 5.29172e-16 2.45385e-13 1.68428e-15 3.73896e-13 1.55372e-11 2.90156e-12 2.39821e-12  2.5459e-11 7.98438e-11 4.60969e-13 1.95944e-14 5.70861e-13 5.19552e-15 9.58566e-12 3.15953e-11  4.9117e-11 2.28002e-09 3.40988e-10 8.62459e-10 1.04561e-11
1.51208e-14  4.7484e-14 4.14527e-16 1.10849e-15 9.71804e-17  2.0928e-15 1.08612e-15 1.44072e-15 1.78459e-16 4.97368e-15  3.3699e-16 9.92067e-14 2.10802e-15 2.79775e-15           1 1.40613e-15 1.07473e-16 3.85323e-15 2.11113e-15  4.0309e-15 1.81837e-13 6.37502e-15 6.37534e-15 2.98435e-13 9.32013e-13 5.24321e-15 2.27563e-15 7.16631e-15 6.18454e-15 2.20403e-14 7.65057e-14 1.15478e-13 2.66934e-11 8.07432e-13 1.01038e-11 1.21574e-13
5.92443e-13 1.90794e-12 8.36671e-16 2.87596e-15 1.19818e-13 1.14798e-13 5.04037e-15 2.19999e-13 4.12553e-15 1.85996e-13 1.09787e-13 3.95696e-12 4.95396e-15  5.8464e-13 1.22892e-15           1 4.89201e-16 1.14275e-13 7.60534e-16  1.7329e-13  7.2706e-12 1.41207e-12 1.16382e-12 1.19082e-11 3.73658e-11 2.28313e-13 4.91719e-15 2.62524e-13 2.77164e-15 4.67104e-12 1.53643e-11 2.38841e-11 1.06684e-09 1.65773e-10 4.03539e-10 4.88395e-12
1.38746e-14 4.46143e-14 5.47908e-16 1.68655e-15 7.84837e-16 1.70588e-15 9.07991e-16 1.67885e-16 5.62158e-16  4.2148e-15 1.28658e-16 9.26005e-14 9.86004e-16 7.95097e-16 2.51084e-17 6.75272e-16           1 2.83899e-15 1.28828e-15  4.3514e-15 1.71129e-13 1.51504e-15 1.57919e-15 2.80007e-13 8.72477e-13 1.70023e-15 2.18031e-15 5.86317e-15 2.00274e-15 4.93731e-15 1.32974e-14 2.45667e-14 2.49705e-11 1.64547e-13 9.45226e-12 1.18279e-13
6.27164e-13 1.96069e-12 1.27521e-15 4.34948e-15 4.33525e-14 8.65145e-14 1.26021e-14 5.51561e-14 6.39329e-15 2.21913e-13 4.91725e-14 4.07885e-12 4.22696e-15 2.45161e-13 3.89645e-15 1.13928e-13  2.8972e-15           1 1.93559e-15 1.80077e-13 7.51419e-12 5.89106e-13 4.68057e-13 1.22748e-11 3.85169e-11  1.1142e-13 4.78763e-15 2.82066e-13 1.08778e-15  1.9098e-12 6.29272e-12 9.80419e-12 1.09943e-09 6.69084e-11 4.16266e-10 5.05725e-12
1.11059e-14 3.31238e-14 5.74534e-16  1.2151e-15 7.16287e-16 1.54587e-15 3.31099e-16 1.21674e-15 2.71543e-16 3.50727e-15 4.11536e-16 6.99647e-14 4.50395e-16  1.7493e-15 1.87652e-15 8.10241e-16 1.21754e-15 1.97754e-15           1 3.10895e-15 1.28636e-13 5.85335e-15 5.29742e-15 2.09963e-13 6.57378e-13 5.22665e-16 6.27404e-16 8.08276e-15 5.86879e-16 1.76588e-14   5.181e-14 8.47468e-14 1.87926e-11 5.85545e-13 7.11277e-12 8.03337e-14
9.80875e-13 3.06615e-12 1.62738e-15 6.91044e-15 6.57084e-14 1.36606e-13 1.84877e-14 8.43616e-14 9.18136e-15 3.45356e-13  7.5645e-14 6.38005e-12 6.58475e-15 3.73984e-13 4.03473e-15 1.73834e-13 4.31685e-15 1.79949e-13 3.12398e-15           1  1.1752e-11 8.99901e-13 7.17482e-13 1.91971e-11 6.02382e-11 1.65374e-13 1.77997e-15 4.26862e-13 4.95315e-15 2.91817e-12 9.60562e-12 1.49761e-11 1.71948e-09  1.0213e-10  6.5102e-10 7.90142e-12
4.09522e-11 1.28058e-10 5.95997e-14 2.80732e-13 2.75573e-12 5.70519e-12 7.72544e-13 3.47893e-12 3.86983e-13 1.44201e-11 3.14312e-12 2.66372e-10 2.76814e-13 1.55386e-11 1.82894e-13 7.26805e-12 1.69871e-13 7.51363e-12 1.28196e-13  1.1751e-11           1 3.74085e-11 2.96439e-11 8.01638e-10 2.51525e-09 6.84186e-12 7.74716e-14 1.80177e-11 7.41675e-14  1.2132e-10 3.99896e-10 6.23135e-10  7.1795e-08 4.24988e-09 2.71828e-08 3.29902e-10
3.05878e-12 9.81185e-12 3.22904e-15 1.23984e-14 6.02544e-13 5.85315e-13 2.79114e-14 1.09701e-12 1.76708e-14 9.56001e-13 5.39758e-13 2.03626e-11 2.25979e-14 2.90164e-12 6.93323e-15 1.41062e-12 1.47768e-15 5.88851e-13 4.47479e-15  8.9812e-13 3.74147e-11           1  5.7568e-12 6.12827e-11 1.92249e-10 1.05764e-12 3.23634e-14 1.37465e-12 4.56701e-15  2.3034e-11  7.5956e-11 1.18088e-10 5.48972e-09 8.19865e-10 2.07656e-09 2.53005e-11
2.43534e-12 7.79594e-12 1.85894e-14  1.8094e-14 4.86805e-13 4.69902e-13 2.06769e-14 9.03083e-13 1.35275e-14 7.66237e-13 4.48016e-13 1.61375e-11 2.03139e-14 2.39493e-12 5.02078e-15 1.16583e-12 2.68975e-15  4.6523e-13  3.0135e-15 7.07454e-13 2.96424e-11 5.75813e-12           1 4.85669e-11 1.52304e-10 8.03539e-13 4.99043e-14 1.12554e-12 4.73306e-14 1.90361e-11 6.27227e-11 9.74274e-11 4.35059e-09 6.76312e-10 1.64562e-09 2.01203e-11
6.68899e-11 2.09218e-10 1.17725e-13 4.64644e-13 4.51957e-12 9.31663e-12 1.27777e-12 5.70931e-12 6.31324e-13 2.35606e-11 5.14966e-12 4.35186e-10 4.52249e-13 2.54578e-11 2.97425e-13 1.19157e-11 2.77373e-13 1.22763e-11 2.10008e-13 1.92004e-11 8.01628e-10  6.1314e-11 4.85841e-11           1 4.10934e-09 1.13685e-11  1.8568e-13 2.94582e-11 6.58769e-14 1.98856e-10  6.5522e-10 1.02109e-09 1.17294e-07 6.96421e-09 4.44094e-08 5.38905e-10
2.09915e-10 6.56464e-10 3.07239e-13 1.44187e-12 1.41759e-11 2.92221e-11   3.982e-12 1.78835e-11 1.98437e-12 7.39521e-11 1.61593e-11 1.36546e-09  1.4167e-12 7.98515e-11 9.37993e-13 3.73557e-11 8.76612e-13 3.85171e-11  6.5956e-13 6.02413e-11 2.51527e-09 1.92252e-10 1.52409e-10 4.10918e-09           1 3.53476e-11 5.15941e-13 9.23333e-11 4.05472e-13 6.23386e-10 2.05511e-09  3.2024e-09 3.68029e-07 2.18417e-08 1.39342e-07 1.69099e-09
5.67742e-13 1.79758e-12 5.71098e-15 2.33342e-14 1.10146e-13 1.06889e-13 6.84688e-15 1.58544e-13 4.02587e-15 1.76573e-13 8.30993e-14 3.74307e-12 4.87376e-15 4.36129e-13 6.52615e-15 2.09403e-13 1.96714e-15 1.04022e-13 1.19547e-15 1.65811e-13 6.92791e-12 1.05368e-12 9.43388e-13 1.11866e-11 3.53817e-11           1 3.26738e-15 5.05145e-13 8.74072e-15 3.46076e-12 1.16062e-11 1.77961e-11 1.00985e-09 1.24481e-10 3.82054e-10 4.42949e-12
8.06823e-15 3.07442e-14 1.54561e-14 3.44198e-15  4.6753e-15 3.73192e-15 1.69686e-14 1.86069e-15 4.47265e-15  7.2977e-15 6.83507e-15 5.42998e-14 5.86271e-15 8.95057e-15 3.98919e-16 8.52852e-15 3.11592e-15 2.00506e-15  2.0231e-15 3.08127e-15 1.21808e-13 2.88534e-14 1.01524e-13 1.35229e-13 4.80673e-13 7.75991e-15           1 1.06016e-14  3.4443e-13 2.19908e-14 4.86201e-13 5.01778e-13 1.41231e-11 3.53443e-12 5.35659e-12 1.69106e-13
1.50001e-12 4.70636e-12 5.00007e-15 9.35984e-15 9.58247e-14 2.05037e-13 2.68626e-14 1.20678e-13 1.56934e-14 5.52331e-13 1.15685e-13 9.78372e-12 9.16084e-15 5.67675e-13  6.3417e-15 2.68357e-13 6.38096e-15 2.68885e-13 4.04592e-15 4.30016e-13 1.80193e-11 1.37479e-12 1.05504e-12 2.94188e-11 9.24067e-11 7.64529e-14 6.80418e-15           1 3.40935e-15 4.49313e-12  1.4809e-11 2.29687e-11 2.63659e-09 1.56385e-10 9.98181e-10 1.22394e-11
4.43061e-15 1.02666e-14 7.03347e-15 1.67238e-14 1.43067e-15 1.30153e-14 1.10824e-14 1.66088e-15 5.90121e-15  5.8389e-15 2.43906e-15 3.22922e-14 3.33702e-15 3.42126e-15 6.65461e-15 1.39683e-15 1.74507e-15 8.24858e-16 6.13135e-16 3.27947e-15 5.06382e-14 1.51997e-14 5.39149e-14  1.4998e-13 2.36433e-13 1.06239e-14 3.42827e-13 6.10725e-15           1 6.64088e-15 3.15996e-14 5.76148e-14 8.46105e-12 6.07764e-13 3.30367e-12 9.89304e-14
9.90225e-12 3.18317e-11 9.91968e-15 4.13067e-14  1.9768e-12 1.90349e-12  8.8888e-14 3.59255e-12 7.08018e-14 3.10159e-12 1.79271e-12 6.60457e-11 7.83746e-14 9.58588e-12 2.23418e-14 4.65249e-12  4.8458e-15 1.91041e-12  1.5365e-14 2.91363e-12 1.21348e-10 2.30274e-11 1.89878e-11 1.98789e-10 6.23758e-10 3.53318e-12 2.08483e-13 4.43262e-12 3.04116e-14           1  2.5126e-10 3.89869e-10 1.78068e-08 2.70667e-09 6.73544e-09 8.21646e-11
3.26348e-11 1.04905e-10  3.9835e-14 1.30467e-13  6.4902e-12 6.30818e-12 3.25523e-13  1.1894e-11  2.1464e-13 1.02443e-11 5.90871e-12 2.17679e-10 2.57365e-13 3.15871e-11 7.01308e-14 1.53595e-11 2.30102e-14  6.2951e-12 5.72821e-14  9.6162e-12   3.999e-10 7.59332e-11 6.26217e-11 6.55343e-10 2.05519e-09 1.14401e-11 2.13029e-13   1.461e-11 1.22941e-13  2.5029e-10           1 1.28539e-09 5.86849e-08 8.92324e-09 2.21983e-08 2.70059e-10
5.07922e-11 1.63444e-10 7.10277e-14 2.25924e-13 1.00624e-11 9.78315e-12 4.39678e-13 1.84547e-11 3.29778e-13 1.59549e-11  9.1634e-12 3.39195e-10 3.96968e-13 4.91085e-11 1.03658e-13 2.38727e-11 2.07789e-14 9.82352e-12 8.23363e-14 1.49645e-11 6.23123e-10 1.18114e-10 9.75344e-11 1.02101e-09  3.2024e-09 1.87691e-11 6.75032e-13 2.26498e-11 3.10728e-13  3.9028e-10  1.2857e-09           1 9.14437e-08 1.38742e-08 3.45901e-08 4.19388e-10
5.99188e-09  1.8738e-08 9.37515e-12 4.12688e-11 4.04702e-10 8.33876e-10 1.13846e-10 5.11009e-10 5.66444e-11 2.11063e-09 4.61302e-10 3.89753e-08 4.05256e-11 2.28002e-09 2.66993e-11 1.06686e-09 2.49618e-11 1.09942e-09 1.88032e-11 1.71948e-09  7.1795e-08 5.48971e-09  4.3505e-09 1.17294e-07 3.68029e-07 1.00977e-09 1.42662e-11 2.63673e-09 8.99353e-12 1.78061e-08 5.86848e-08 9.14442e-08    0.999989  6.2369e-07 3.97735e-06 4.82704e-08
3.46429e-10 1.11465e-09 4.66973e-13 1.42301e-12 7.02934e-11 6.69963e-11 3.42966e-12 1.27626e-10 2.34694e-12 1.08508e-10 6.37166e-11 2.31343e-09 2.77521e-12 3.40978e-10 8.10563e-13  1.6577e-10 1.78734e-13 6.69109e-11 5.83122e-13 1.02151e-10 4.24985e-09 8.19828e-10 6.76366e-10 6.96403e-09 2.18412e-08 1.24578e-10 3.99971e-12 1.56305e-10 5.26358e-13 2.70695e-09 8.92292e-09 1.38743e-08 6.23688e-07           1 2.35914e-07   2.871e-09
2.26866e-09 7.09453e-09 3.54131e-12 1.56223e-11 1.53072e-10 3.15719e-10 4.30418e-11 1.93229e-10 2.14414e-11 7.99075e-10 1.74498e-10 1.47567e-08 1.53469e-11 8.62446e-10 1.01008e-11 4.03552e-10  9.4473e-12 4.16264e-10 7.11954e-12 6.51037e-10 2.71828e-08 2.07659e-09 1.64563e-09 4.44094e-08 1.39342e-07 3.81929e-10 5.38267e-12 9.98569e-10 3.06613e-12 6.73588e-09 2.21978e-08 3.45896e-08 3.97735e-06 2.35915e-07    0.999998 1.82759e-08
2.75504e-11 8.60873e-11 7.10976e-14  1.8677e-13 1.88509e-12 3.85855e-12 5.25676e-13 2.37737e-12 2.61193e-13 9.64223e-12 2.12007e-12 1.79096e-10 1.84457e-13 1.05037e-11 1.24095e-13 4.91911e-12 1.11112e-13 5.04599e-12 9.39117e-14 7.90158e-12   3.299e-10 2.52297e-11 1.99296e-11 5.39035e-10 1.69121e-09 4.87657e-12  8.6033e-14 1.19838e-11 5.02032e-14 8.17568e-11 2.70192e-10 4.21117e-10 4.82704e-08 2.87075e-09 1.82761e-08           1
Overlap Matrix (abs) of the orthonormalized projected bands for spin 1
 at k-point         0 0.0666667         0
maxDeviation is: 0.000170981
          1 2.06566e-10 2.22738e-13 4.10824e-14  9.5833e-13 6.58909e-12 8.04587e-14 2.98095e-12 8.06469e-14 2.59299e-11  1.8349e-13  4.3184e-10 8.78113e-14 1.43949e-13 5.73799e-14 1.20819e-13 4.58487e-14 2.51181e-11 1.24824e-13 2.11661e-11 7.77665e-10 4.08026e-13 4.05886e-13 1.13088e-09  3.8942e-09 5.43707e-13 1.67612e-13 3.54451e-14 9.20114e-10  1.3558e-12 4.43827e-12 7.43109e-12 1.08471e-07 3.88422e-09 1.29988e-12 3.84908e-08
2.06565e-10           1 6.68666e-13 1.23275e-13 2.87533e-12 1.97781e-11 2.41372e-13 8.94593e-12 2.42418e-13 7.78359e-11 5.57779e-13 1.29629e-09 2.60067e-13 4.31609e-13 1.72551e-13 3.63171e-13 1.38107e-13 7.53995e-11 3.73783e-13 6.35352e-11 2.33437e-09 1.24673e-12 1.25623e-12 3.39468e-09 1.16895e-08 1.62434e-12 5.42847e-13 1.13686e-13 2.76199e-09 4.09293e-12 1.33915e-11 2.23014e-11 3.25606e-07 1.16596e-08 3.88506e-12 1.15541e-07
2.22638e-13   6.684e-13           1 6.73931e-16 3.11596e-15 2.19492e-14  1.2193e-15 9.84867e-15 2.68658e-16 8.35878e-14 7.28934e-16  1.3975e-12 4.41301e-16 4.29056e-16 1.05666e-15 1.31703e-16 1.52764e-15 8.16052e-14 2.90034e-16 6.86375e-14 2.51719e-12 3.85382e-15 1.93488e-14 3.65786e-12 1.26071e-11 8.60782e-15  1.7432e-14 1.06114e-14 2.97085e-12 9.90041e-15 1.63692e-14 2.25871e-14 3.51068e-10 1.25441e-11 2.31864e-14 1.24576e-10
4.11026e-14  1.2334e-13 1.04083e-15           1  7.4143e-16 3.98357e-15 4.74973e-16 1.97912e-15 4.53603e-16 1.60331e-14   2.485e-16 2.57952e-13 1.11862e-15 3.36865e-16 1.98462e-16 5.06465e-16 5.96781e-16 1.47492e-14 6.54543e-16  1.2633e-14 4.64845e-13 2.46318e-15 1.53298e-14 6.75682e-13   2.328e-12 2.27145e-14 9.21257e-15 1.68383e-14 5.48174e-13 1.12666e-14 1.25473e-14 2.04469e-14 6.47997e-11 2.32682e-12 4.11473e-14 2.29936e-11
9.58235e-13 2.87531e-12 3.11868e-15 1.07335e-15           1 9.12284e-14 1.70244e-15 4.23833e-14 1.12942e-15 3.60034e-13 3.06019e-15 6.01155e-12 1.42426e-15 2.04789e-15 9.77351e-16  1.4932e-15 8.00823e-16 3.49484e-13 1.11787e-15 2.94736e-13 1.08246e-11 1.10595e-14 2.25227e-15  1.5743e-11 5.42121e-11 1.16469e-14 3.99093e-15 2.28346e-15 1.28093e-11 1.90187e-14 3.44666e-14 9.54803e-14 1.50997e-09 5.40589e-11 1.31346e-14 5.35813e-10
6.58895e-12 1.97784e-11 2.18242e-14 4.11316e-15  9.1259e-14           1 7.79087e-15 2.84409e-13 8.01905e-15 2.48248e-12 1.77886e-14  4.1349e-11 8.44661e-15 1.36243e-14 5.48055e-15 1.21831e-14 3.99508e-15 2.40582e-12 1.22888e-14 2.02677e-12  7.4465e-11 4.13519e-14 3.96763e-14 1.08286e-10 3.72876e-10 4.99129e-14 1.53965e-14 9.61612e-15 8.80973e-11 1.34849e-13 4.09998e-13 7.15434e-13 1.03861e-08  3.7191e-10 1.02608e-13 3.68548e-09
8.04439e-14 2.41319e-13    1.04e-15 5.93471e-16 1.38113e-15 7.78545e-15           1 3.37487e-15 4.35427e-16 3.02017e-14 1.00701e-16 5.04539e-13 5.22206e-16 2.82893e-17 5.98636e-16  6.7631e-17 2.73309e-16 2.92782e-14 1.40862e-15  2.4543e-14 9.09521e-13 1.92217e-15 2.98714e-15 1.32106e-12 4.55037e-12 4.23986e-15 1.63644e-14 9.74202e-15 1.07713e-12 6.19537e-15 1.64522e-14 1.10739e-14 1.26722e-10 4.53926e-12 2.30362e-14 4.49688e-11
2.98054e-12 8.94636e-12 9.85465e-15  2.5549e-15 4.29401e-14 2.84492e-13 3.09053e-15           1 3.33713e-15  1.1236e-12 7.93797e-15 1.87018e-11 4.13101e-15 6.17964e-15  3.0349e-15 5.69725e-15 2.75009e-15 1.08727e-12 5.35274e-15 9.16263e-13 3.36781e-11 1.31066e-14 1.37752e-14 4.89737e-11 1.68656e-10 1.19321e-14 1.03379e-14 1.14771e-15 3.98574e-11 6.02487e-14 1.53839e-13 3.20294e-13  4.6976e-09 1.68238e-10 5.94801e-14 1.66694e-09
8.07268e-14 2.42491e-13 2.31903e-16  5.3986e-16 1.13252e-15 8.08639e-15  2.6443e-16 3.34191e-15           1 3.03528e-14 1.18951e-16  5.0683e-13  7.1445e-16 2.37384e-16 1.01443e-16 2.80752e-16  5.1518e-16 2.96966e-14  8.2675e-17 2.47253e-14 9.10805e-13 3.48258e-15 5.26943e-15 1.33264e-12 4.57108e-12 3.33035e-15 3.65466e-15  6.9249e-15 1.07789e-12 5.99346e-15 5.44407e-15 1.04374e-14 1.27315e-10 4.56057e-12 6.64857e-15 4.51707e-11
2.59299e-11 7.78362e-11 8.37896e-14 1.59036e-14 3.60318e-13 2.48249e-12 3.02124e-14 1.12357e-12 3.04264e-14           1 6.94231e-14 1.62722e-10 3.28422e-14 5.37981e-14 2.18092e-14 4.57269e-14  1.7683e-14 9.46445e-12  4.6895e-14 7.97513e-12 2.93029e-10 1.58521e-13  1.5105e-13 4.26127e-10 1.46739e-09 2.03117e-13 7.04776e-14 1.81556e-14 3.46725e-10 5.16863e-13 1.66728e-12 2.79693e-12  4.0873e-08 1.46363e-09 5.15937e-13 1.45038e-08
1.83632e-13 5.56813e-13  1.0441e-15 3.35839e-16 2.34063e-15 1.75579e-14 4.64984e-17 8.11951e-15 2.48919e-16  6.8994e-14           1 1.16287e-12  3.9179e-16 5.37977e-16 1.21588e-16 6.67025e-16  1.3471e-16 6.74466e-14 4.12648e-16 5.69512e-14 2.09572e-12 1.56545e-15 2.75908e-15 3.04784e-12 1.05017e-11 2.72699e-15 4.80416e-15 2.95411e-15 2.48308e-12 9.77155e-15 2.05615e-14 1.85247e-14 2.92395e-10 1.04714e-11 1.00042e-14 1.03756e-10
4.31841e-10 1.29629e-09 1.39813e-12 2.57989e-13 6.01172e-12 4.13488e-11 5.04597e-13 1.87015e-11 5.06457e-13 1.62722e-10  1.1629e-12           1 5.43007e-13  9.0191e-13 3.60308e-13 7.60207e-13 2.89795e-13 1.57628e-10 7.80862e-13 1.32826e-10 4.88018e-09 2.60792e-12 2.66986e-12 7.09683e-09 2.44379e-08 3.40843e-12 1.12405e-12 2.17404e-13 5.77414e-09 8.57826e-12  2.8049e-11 4.66292e-11 6.80703e-07 2.43752e-08 8.07828e-12 2.41547e-07
8.66256e-14 2.60432e-13 7.21602e-16 6.11826e-16 1.11147e-15 8.47703e-15 4.25088e-16 3.88535e-15 4.81443e-16 3.26878e-14  4.6969e-16 5.42917e-13           1 4.08095e-16 1.40276e-15 2.42077e-16 2.07575e-15 3.17883e-14 1.44477e-15 2.63459e-14  9.7874e-13  1.5981e-15 6.46725e-16 1.42268e-12 4.89418e-12  2.1338e-15 5.08763e-15 2.98151e-15 1.15627e-12 2.54756e-15 6.63131e-15 1.00494e-14  1.3646e-10 4.88826e-12  2.9375e-15 4.84275e-11
  1.437e-13  4.3192e-13  4.4937e-16 1.62884e-15 3.38431e-15 1.31404e-14 9.62115e-16 6.21237e-15   1.144e-16 5.43052e-14 6.39577e-16 9.01919e-13 4.45797e-16           1 3.73162e-16 3.24871e-16 1.04802e-15 5.26889e-14 4.35856e-17 4.38706e-14 1.62439e-12 1.10456e-15 4.33492e-15 2.36179e-12 8.13621e-12 1.48753e-14 5.98614e-15 2.65473e-15 1.91879e-12 1.18772e-14 1.41291e-14 1.69967e-14 2.26588e-10 8.10409e-12 2.40054e-15 8.04119e-11
5.72773e-14 1.72832e-13  1.0787e-15 1.07366e-15 8.54905e-16 5.58327e-15 1.32589e-15 3.18213e-15 7.60718e-17 2.20096e-14 1.52689e-16 3.60276e-13 1.49694e-15 3.96197e-16           1 8.60064e-16 2.87012e-15 2.08131e-14  4.0288e-15 1.80383e-14 6.48724e-13  4.1898e-16  8.8021e-16 9.44745e-13 3.24698e-12 5.82602e-15 1.50263e-15 5.44232e-15 7.67617e-13 8.49809e-16 6.46649e-15 8.63113e-15 9.05304e-11 3.24199e-12 1.45895e-15 3.21262e-11
 1.2091e-13   3.635e-13 1.48086e-16 1.28737e-15 2.90256e-15 1.17234e-14 7.29056e-16 5.84812e-15 1.19759e-16 4.60145e-14 3.64532e-16 7.60218e-13 3.27671e-16 1.24127e-16 6.56158e-16           1 9.39493e-16 4.47191e-14 1.53893e-15 3.68161e-14 1.36887e-12 1.10283e-15 9.41177e-16 1.99101e-12   6.856e-12  1.2399e-14 3.50447e-15 3.75526e-15 1.62316e-12 8.63557e-15 1.18802e-14 1.43353e-14 1.90967e-10  6.8221e-12 4.92759e-15 6.77712e-11
4.65009e-14 1.39025e-13 1.14929e-15 1.72782e-15 1.00069e-15 4.18576e-15 3.65422e-16 2.69977e-15 3.99559e-16 1.77055e-14 2.49576e-16 2.89767e-13 2.28314e-15 7.34664e-16 2.74766e-15 7.70002e-16           1 1.69478e-14 3.49118e-15 1.42968e-14 5.21439e-13 9.36773e-16 1.89969e-15 7.57568e-13 2.61561e-12  2.1722e-15  2.3401e-15 2.35355e-15 6.17587e-13 4.51651e-16  1.1778e-14 2.39859e-15 7.27989e-11 2.60379e-12 1.07245e-14 2.58325e-11
2.51183e-11 7.53994e-11 8.17916e-14 1.47668e-14 3.49481e-13 2.40607e-12 2.92934e-14 1.08728e-12 2.96704e-14 9.46416e-12 6.73501e-14 1.57628e-10 3.18016e-14 5.23685e-14 2.08436e-14 4.46828e-14 1.69108e-14           1 4.45196e-14  7.7247e-12 2.83858e-10 1.51808e-13 1.56549e-13 4.12791e-10 1.42145e-09 1.96137e-13 6.34926e-14 1.28569e-14 3.35853e-10 4.98069e-13 1.63064e-12 2.71049e-12 3.95935e-08  1.4178e-09 4.71626e-13 1.40497e-08
1.24548e-13 3.73755e-13 2.52193e-16 5.82254e-16 1.22027e-15 1.22873e-14   1.116e-15 5.43379e-15 7.54209e-17 4.66739e-14 4.56176e-16 7.80904e-13 1.52601e-15 1.06515e-16 3.73566e-15 1.60271e-15 3.51303e-15 4.44513e-14           1  3.8192e-14 1.40593e-12 1.51888e-15 2.16119e-15  2.0447e-12 7.04323e-12  1.4066e-15 9.14684e-16 2.26017e-16 1.66244e-12 3.72583e-15 4.82021e-15 1.43373e-14  1.9614e-10 7.02154e-12 2.17334e-15 6.96015e-11
 2.1166e-11 6.35355e-11 6.84376e-14 1.26088e-14 2.94748e-13  2.0266e-12 2.47846e-14 9.16542e-13 2.48037e-14 7.97538e-12 5.69551e-14 1.32826e-10  2.6457e-14  4.4209e-14 1.80262e-14 3.69752e-14 1.43192e-14 7.72482e-12 3.81851e-14           1 2.39195e-10 1.28727e-13 1.35472e-13 3.47841e-10 1.19779e-09 1.67591e-13  5.6862e-14 1.33898e-14 2.83011e-10 4.21858e-13 1.37119e-12 2.28805e-12 3.33637e-08 1.19472e-09 4.05308e-13 1.18391e-08
 7.7766e-10 2.33438e-09 2.51694e-12 4.64321e-13 1.08263e-11 7.44568e-11  9.0793e-13  3.3679e-11 9.14223e-13 2.93035e-10  2.0961e-12 4.88018e-09 9.78249e-13 1.62489e-12 6.49504e-13 1.36922e-12 5.22543e-13 2.83859e-10 1.40644e-12 2.39195e-10           1 4.69375e-12  4.8087e-12   1.278e-08  4.4008e-08 6.17338e-12 2.04553e-12 4.04621e-13 1.03981e-08 1.54251e-11 5.05057e-11 8.39719e-11 1.22582e-06 4.38951e-08 1.45435e-11  4.3498e-07
4.24049e-13 1.24876e-12 4.12386e-15 2.88398e-15 1.50544e-15 3.87626e-14 1.22879e-15 2.39229e-14 2.30659e-15 1.54749e-13 3.23447e-15 2.60783e-12 5.87353e-16 8.79223e-16 2.56524e-16 1.23025e-15 7.94449e-16 1.51726e-13 2.97713e-16 1.27094e-13 4.70079e-12           1 1.68287e-15 6.81364e-12 2.35174e-11 1.56643e-14 3.76343e-16 8.19678e-15 5.55499e-12 2.61232e-15 3.18757e-14 3.95493e-14  6.5508e-10  2.3456e-11 1.11685e-14 2.32451e-10
4.45822e-13 1.29915e-12 1.95928e-14 1.53559e-14 1.24589e-14 4.27655e-14 3.08608e-15 2.48348e-14 4.32015e-15 1.69213e-13  5.4519e-16  2.6711e-12 1.28077e-15 1.39369e-15 5.39931e-16 2.23788e-15 1.48587e-15 1.54245e-13 8.93209e-16 1.26085e-13 4.80784e-12 4.63193e-15           1 6.98813e-12 2.40197e-11 5.97497e-14  7.8548e-14 4.74392e-14 5.71178e-12 3.21384e-14  9.5556e-14 5.11179e-14 6.70771e-10 2.40475e-11 4.09133e-14 2.38006e-10
 1.1309e-09 3.39468e-09 3.66318e-12 6.75399e-13 1.57426e-11 1.08278e-10 1.32175e-12 4.89783e-11 1.32096e-12 4.26135e-10 3.04813e-12 7.09683e-09   1.423e-12 2.36268e-12 9.43395e-13 1.99081e-12 7.60491e-13 4.12791e-10 2.04518e-12  3.4784e-10   1.278e-08 6.84594e-12 6.99348e-12           1  6.3997e-08 8.89348e-12  2.9158e-12 5.17839e-13 1.51211e-08 2.24964e-11  7.3398e-11 1.22122e-10  1.7826e-06  6.3833e-08 2.10906e-11 6.32555e-07
3.89421e-09 1.16896e-08 1.26028e-11 2.32463e-12 5.42068e-11 3.72863e-10 4.54969e-12 1.68639e-10 4.56896e-12 1.46737e-09 1.04911e-11 2.44379e-08 4.90444e-12 8.13617e-12 3.25348e-12 6.85588e-12 2.61143e-12 1.42145e-09 7.03969e-12 1.19779e-09 4.40079e-08 2.35193e-11 2.41439e-11 6.39971e-08           1 3.07292e-11 1.00897e-11 2.04407e-12 5.20694e-08 7.71467e-11 2.52868e-10 4.20481e-10 6.13837e-06 2.19808e-07 7.26472e-11  2.1782e-06
5.43582e-13 1.63903e-12 4.99128e-15 2.41474e-14 3.06327e-14 5.39789e-14  4.8978e-15 3.23587e-14 2.11354e-15 2.07863e-13 9.03431e-16 3.41383e-12 1.24715e-15 5.18247e-15 5.60052e-15 4.21297e-15 2.27986e-15 2.01629e-13 1.18658e-15 1.66876e-13 6.10838e-12 8.59114e-15 6.05681e-14 8.96747e-12 3.07949e-11           1 3.15671e-14 6.03101e-14 7.05918e-12 3.99753e-14 5.12355e-14 1.55549e-13 8.56806e-10 3.05701e-11 8.32133e-14 3.04016e-10
1.89837e-13 5.31324e-13  1.7314e-14 9.40095e-15 9.11012e-15 1.98049e-14 1.61934e-14 5.87323e-15  3.8384e-15  6.4595e-14 3.91809e-15 1.12088e-12 4.77865e-15  3.4865e-15 1.68266e-15  3.0026e-15 2.16901e-15 6.73705e-14 3.11865e-15 5.40706e-14 1.99535e-12 2.58159e-15 8.10167e-14 2.96212e-12 1.01477e-11 3.49547e-14           1 3.25123e-13 2.36505e-12 9.98036e-14 1.69744e-13 1.56599e-14 2.81925e-10 1.00497e-11 2.53503e-13 1.00032e-10
3.43031e-14 9.55472e-14 9.85762e-15 1.64832e-14 1.63079e-15 1.44404e-14 9.81373e-15 2.16685e-15  6.5067e-15 1.03533e-14  3.0601e-15 2.18286e-13 3.10382e-15 1.26974e-15 7.37266e-15 8.35274e-16 2.76533e-15 1.27796e-14 1.01148e-15 9.18837e-15 3.82136e-13 1.12097e-14 4.76494e-14 6.24436e-13 1.88256e-12 6.07718e-14 3.24888e-13           1 4.15738e-13 1.27492e-14 7.61514e-14 4.04648e-14 5.42951e-11 1.98915e-12 4.61802e-14 1.93994e-11
9.20118e-10 2.76198e-09 2.98535e-12 5.51304e-13 1.28096e-11 8.81051e-11 1.07284e-12 3.98374e-11 1.08226e-12 3.46694e-10 2.47768e-12 5.77414e-09 1.15894e-12 1.92579e-12 7.69118e-13 1.61901e-12  6.1724e-13  3.3586e-10 1.66527e-12  2.8301e-10 1.03981e-08 5.55921e-12 5.66874e-12 1.51211e-08 5.20694e-08 7.48116e-12 2.41978e-12 5.13251e-13           1 1.81969e-11 5.97937e-11 9.93193e-11 1.45036e-06  5.1936e-08   1.717e-11 5.14661e-07
1.37532e-12 4.11138e-12 9.87465e-15 1.23412e-14 1.96998e-14 1.27785e-13  5.8834e-15 5.88005e-14 8.61959e-15 5.13521e-13 3.12269e-16 8.57198e-12  1.9305e-15 6.01762e-15 2.17374e-15 6.20097e-15 1.69761e-15 4.99745e-13 1.20509e-15 4.18354e-13 1.54577e-11 3.17948e-15 2.01888e-14 2.24133e-11  7.7518e-11 2.31545e-14 1.04997e-13 1.50381e-14 1.83466e-11           1 5.56507e-13 7.71312e-14 2.15466e-09 7.71712e-11 1.85471e-13  7.6439e-10
4.50341e-12 1.34449e-11 1.35739e-14 1.05282e-14  8.9788e-14 4.46275e-13 1.66842e-14 2.37429e-13 5.28054e-15 1.70234e-12 2.82181e-15 2.80503e-11 5.48171e-15 9.43592e-15 4.13417e-15 6.50672e-15 7.26108e-15 1.63235e-12 1.15824e-14 1.37879e-12 5.05188e-11 1.17296e-14 3.83291e-14 7.35194e-11 2.53023e-10 1.37385e-13 1.57004e-13 8.27807e-14 5.97374e-11 3.95218e-13           1 4.38581e-13 7.04562e-09 2.52308e-10 1.08899e-14 2.50024e-09
7.42699e-12 2.23232e-11 2.95254e-14 8.93967e-14   1.586e-13 6.91438e-13 4.71158e-14 3.28929e-13   2.298e-16 2.81506e-12 2.78557e-14 4.66313e-11 7.17019e-15 1.17215e-14 1.01614e-14 1.20452e-14 2.05103e-14 2.72039e-12 8.88397e-15 2.27383e-12 8.39669e-11  6.4294e-14 1.63842e-13 1.22082e-10  4.2053e-10   6.355e-13  1.8701e-13 2.29629e-13 9.94927e-11 5.30387e-13 7.22484e-13           1 1.17121e-08 4.18772e-10  2.1219e-13 4.15644e-09
1.08471e-07 3.25605e-07 3.51129e-10 6.48029e-11 1.50998e-09 1.03861e-08  1.2675e-10 4.69757e-09 1.27284e-10  4.0873e-08 2.92395e-10 6.80703e-07 1.36457e-10 2.26594e-10   9.053e-11 1.90967e-10 7.27989e-11 3.95935e-08 1.96122e-10 3.33637e-08 1.22582e-06 6.55056e-10 6.70667e-10  1.7826e-06 6.13837e-06 8.56857e-10 2.81786e-10 5.46865e-11 1.45036e-06 2.15391e-09 7.04527e-09 1.17124e-08     1.00017 6.12263e-06 2.02952e-09 6.06724e-05
3.88422e-09 1.16596e-08 1.26028e-11 2.31384e-12 5.40758e-11  3.7192e-10 4.53707e-12 1.68198e-10 4.55541e-12  1.4636e-09 1.04698e-11 2.43752e-08  4.8844e-12 8.12033e-12 3.24154e-12 6.84638e-12 2.60991e-12  1.4178e-09  7.0251e-12 1.19471e-09 4.38951e-08 2.34563e-11 2.39864e-11 6.38329e-08 2.19808e-07 3.07978e-11 1.01434e-11 1.90981e-12 5.19358e-08 7.71171e-11 2.52263e-10 4.19537e-10 6.12263e-06           1 7.26519e-11 2.17261e-06
1.27587e-12  3.8478e-12 1.97344e-14 4.32984e-14 2.29412e-14 1.45863e-13 2.44903e-14 5.30761e-14 6.18104e-15 4.53936e-13 4.06311e-15 8.08893e-12 5.64377e-15  8.5489e-15 2.46772e-15 4.57749e-15 1.27357e-14 4.68486e-13 3.08376e-15 3.86823e-13 1.45731e-11 2.24135e-14  2.4877e-14  2.1258e-11 7.31571e-11 1.00607e-13 2.59431e-13 4.90718e-14 1.72793e-11 1.40003e-13 1.69081e-13 1.28229e-13 2.03137e-09 7.27636e-11           1 7.20922e-10
3.84908e-08 1.15541e-07 1.24594e-10 2.29959e-11 5.35813e-10 3.68552e-09 4.49726e-11 1.66694e-09 4.51864e-11 1.45038e-08 1.03757e-10 2.41547e-07 4.84081e-11  8.0405e-11 3.21189e-11 6.77591e-11 2.58327e-11 1.40497e-08 6.95891e-11 1.18391e-08  4.3498e-07 2.32467e-10 2.38014e-10 6.32555e-07  2.1782e-06 3.04131e-10 1.00018e-10 1.90214e-11 5.14661e-07 7.64861e-10 2.49972e-09 4.15591e-09 6.06724e-05 2.17261e-06 7.19953e-10     1.00002
Overlap Matrix (abs) of the orthonormalized projected bands for spin 1
 at k-point 1.05879e-22         0.1           0
maxDeviation is: 0.000135943
          1 2.06962e-10 2.18305e-13 1.02277e-13  4.5438e-13 5.26927e-12 1.04384e-13 3.39066e-12 6.45282e-14 2.84112e-11 2.15718e-13 4.32035e-10 8.88699e-14 1.68526e-14 5.82708e-14 7.90194e-14 4.82542e-14 3.59216e-11 1.46323e-12 2.28279e-11 7.62793e-10 6.84669e-14 3.56368e-14 9.46181e-10 3.74206e-09 6.01552e-14 1.62708e-13  2.8476e-14 1.13578e-09 1.05572e-13 1.13475e-13 2.41184e-12 9.57793e-08 2.60613e-08  4.6213e-11 3.23554e-08
2.06961e-10           1 6.70119e-13 3.14503e-13 1.39241e-12 1.61609e-11 3.20055e-13 1.03946e-11 1.98086e-13 8.71372e-11 6.53771e-13 1.32504e-09 2.68263e-13 5.08928e-14 1.74931e-13 2.42803e-13 1.48543e-13 1.10173e-10 4.48747e-12  7.0013e-11 2.33945e-09 2.29564e-13 7.34325e-14 2.90195e-09 1.14768e-08 2.24882e-13  4.8406e-13 9.49544e-14 3.48341e-09 3.44109e-13 4.05503e-13 7.39792e-12 2.93753e-07 7.99294e-08 1.41719e-10 9.92331e-08
2.18425e-13 6.69845e-13           1 1.11593e-15 2.53164e-15 1.69583e-14 6.62163e-16 1.11339e-14  6.5164e-16 9.22037e-14 9.79866e-16 1.39832e-12  4.6376e-16 2.08581e-16 2.20755e-16 3.36311e-16 5.15463e-16 1.15746e-13 4.66991e-15 7.38439e-14 2.47282e-12  3.6703e-15 1.83654e-14 3.05101e-12 1.21261e-11 1.84033e-14 1.07239e-14 1.39322e-14 3.68117e-12 9.18991e-15 6.49842e-15 5.78864e-15 3.09982e-10 8.43176e-11 1.74471e-13 1.04715e-10
1.02504e-13 3.14623e-13 1.09977e-15           1 1.63368e-15 7.69512e-15 7.56041e-16 5.09087e-15 2.18267e-16 4.36463e-14 2.72872e-16 6.57113e-13 4.49231e-16 6.04997e-16 2.75129e-16 3.49008e-16 2.89879e-16 5.44539e-14 2.64267e-15 3.47511e-14 1.16128e-12 2.76449e-15 1.55701e-14 1.43358e-12 5.69244e-12 9.75598e-15 2.30216e-14 1.69656e-14 1.72886e-12  1.1718e-14 1.23906e-14 2.57495e-14 1.45586e-10 3.96209e-11 3.43998e-14 4.91793e-11
4.54329e-13 1.39246e-12 2.52357e-15 1.08035e-15           1  3.5198e-14 8.86363e-16 2.18607e-14 3.12123e-16 1.90605e-13 1.79056e-15 2.90529e-12 6.30482e-16 2.40464e-16 1.31872e-15 9.41706e-16 5.69556e-16  2.4184e-13 9.78313e-15 1.53343e-13  5.1282e-12 5.55649e-15 5.88775e-15 6.36268e-12 2.51658e-11 7.06196e-15 2.21756e-14 1.96718e-15 7.63711e-12 3.73486e-15 2.75002e-14 1.83138e-14 6.44075e-10 1.75242e-10 3.05219e-13 2.17577e-10
5.26916e-12  1.6161e-11 1.67534e-14 7.83402e-15 3.54518e-14           1 8.06193e-15 2.65113e-13 5.24202e-15  2.2187e-12 1.65692e-14 3.37353e-11 6.97474e-15 1.21929e-15 4.85676e-15 6.12261e-15  3.9765e-15  2.8052e-12 1.14086e-13 1.78259e-12 5.95656e-11 6.34258e-15 2.04478e-15 7.38847e-11 2.92203e-10  7.7478e-15 1.86466e-14 1.00769e-14 8.86808e-11 1.19498e-14 6.13557e-15   1.966e-13  7.4789e-09 2.03498e-09 3.59444e-12 2.52645e-09
1.04249e-13 3.20036e-13 7.88635e-16 7.96875e-16  6.1123e-16 8.08039e-15           1 5.03451e-15 9.10477e-16  4.3835e-14 4.71007e-16 6.68341e-13 6.11751e-16 1.02829e-15 2.71225e-16 4.03946e-16 2.12035e-16 5.58821e-14 1.49355e-15  3.5273e-14 1.18509e-12 1.83298e-15 2.74754e-15 1.45803e-12 5.79183e-12 1.59668e-14  5.5762e-15 9.22067e-15  1.7617e-12 6.47215e-15 1.63454e-14   1.421e-14 1.48118e-10 4.02977e-11 5.24479e-14 5.00513e-11
3.39022e-12 1.03948e-11 1.11311e-14 5.38008e-15 2.24822e-14 2.65189e-13 4.84505e-15           1  3.3628e-15   1.427e-12 1.09168e-14 2.16979e-11 4.32451e-15 1.05284e-15 3.70509e-15  3.2009e-15 2.36273e-15 1.80377e-12  7.3594e-14 1.14652e-12 3.83094e-11 2.93918e-15 6.98166e-15 4.75192e-11 1.87943e-10  5.7149e-15 2.68269e-15 1.12981e-15  5.7054e-11 8.30672e-15 3.42201e-14  1.2406e-13  4.8103e-09 1.30889e-09  2.3232e-12 1.62498e-09
6.45851e-14 1.98093e-13  5.9655e-16 1.84153e-16 3.57069e-16 5.24312e-15 5.90459e-16  3.3308e-15           1 2.73604e-14 2.41368e-16 4.13661e-13 5.58665e-16 5.63033e-17 7.43794e-18 3.14876e-16 2.78388e-16 3.43967e-14  1.4175e-15 2.17749e-14 7.28503e-13 3.14773e-15 4.81543e-15 9.11918e-13 3.58357e-12 3.44677e-15 3.08392e-15 7.84811e-15 1.08533e-12 6.98707e-15 1.23011e-15 5.07225e-15 9.17042e-11 2.49548e-11 4.77345e-14 3.09708e-11
2.84112e-11 8.71374e-11  9.2432e-14 4.35075e-14 1.90633e-13 2.21888e-12 4.38367e-14 1.42684e-12 2.74231e-14           1 9.07682e-14 1.81898e-10 3.69404e-14 6.08945e-15 2.41278e-14 3.33706e-14 2.04714e-14 1.51238e-11 6.16043e-13 9.61082e-12 3.21151e-10  3.3193e-14 1.36019e-14 3.98369e-10 1.57551e-09 3.30735e-14 6.62999e-14 1.73298e-14 4.78213e-10 5.04492e-14 3.84086e-14 1.01276e-12 4.03255e-08 1.09725e-08 1.94798e-11 1.36224e-08
2.15794e-13 6.52829e-13 8.71072e-16 4.12536e-16 1.06586e-15 1.64186e-14 4.17017e-16 1.11757e-14 5.16009e-16 9.03786e-14           1 1.36498e-12 3.98627e-16 3.48579e-16  6.1997e-16 1.60514e-16  3.6395e-16 1.13684e-13  4.8663e-15 7.22982e-14 2.40941e-12 3.36537e-15 3.76264e-15  2.9897e-12 1.18285e-11 6.42769e-15 1.75625e-15 3.44427e-15 3.59157e-12 4.84547e-15 9.73636e-15 5.67016e-15 3.02628e-10 8.23438e-11 1.53095e-13 1.02231e-10
4.32036e-10 1.32504e-09 1.39853e-12 6.56124e-13 2.90542e-12 3.37351e-11 6.68102e-13 2.16978e-11  4.1345e-13 1.81897e-10 1.36538e-12           1  5.6005e-13 1.06922e-13 3.66151e-13 5.07866e-13 3.11605e-13 2.29985e-10 9.36562e-12 1.46151e-10 4.88359e-09 4.80942e-13 1.14608e-13 6.05779e-09 2.39577e-08 4.59164e-13 1.02399e-12 1.75498e-13 7.27157e-09 7.38828e-13 8.87448e-13  1.5451e-11 6.13205e-07 1.66852e-07 2.95791e-10 2.07148e-07
8.75762e-14 2.68451e-13 6.46954e-16 4.97816e-16 2.50632e-16 7.18715e-15  7.7491e-16 4.02406e-15 4.74676e-16 3.65766e-14 4.33392e-16 5.59911e-13           1 6.45727e-16 3.89123e-16 1.55365e-16   6.046e-16 4.63501e-14 2.50331e-15  2.9773e-14 9.88357e-13 1.56853e-15 7.98008e-16 1.22633e-12 4.84597e-12 5.96624e-15 1.49532e-15 3.48444e-15 1.47177e-12 2.12032e-15 3.79912e-15 4.32532e-15 1.24148e-10 3.37804e-11 5.74053e-14 4.19438e-11
1.69258e-14 5.17424e-14 1.96739e-16 1.61524e-15 3.65747e-16 1.38832e-15 4.00381e-16 1.24332e-15 1.16064e-16 6.38812e-15  4.3459e-16  1.0694e-13 8.35553e-16           1 8.98744e-16 8.15367e-16 8.34516e-16 8.99105e-15 4.10569e-16 6.56065e-15 1.88644e-13 4.48158e-16  4.4822e-16 2.34772e-13  9.2708e-13 2.30267e-15 5.65353e-15 6.29764e-15 2.81608e-13 1.73428e-15  3.7952e-15 4.07712e-15 2.37671e-11 6.46835e-12 8.32356e-15 8.03001e-12
5.77957e-14 1.74954e-13 1.83424e-16 1.59739e-15    1.65e-15 4.64677e-15 6.68512e-16 3.73179e-15 1.82816e-16 2.45574e-14  4.5423e-16 3.66181e-13 3.00575e-16 8.86053e-16           1 2.97542e-15  5.3828e-16 3.09015e-14 9.65292e-16 1.83863e-14 6.46204e-13  5.5978e-16 4.19257e-15 8.02155e-13 3.16969e-12 4.17043e-15 1.21109e-14 2.44523e-15 9.56833e-13 1.14215e-14 3.96386e-15 4.49445e-15 8.11598e-11 2.20921e-11 3.50162e-14 2.74205e-11
7.87036e-14 2.43337e-13 3.37202e-16 1.47248e-15 1.51541e-15 5.68121e-15 8.58297e-16 3.55046e-15 7.86516e-17 3.38643e-14 3.45535e-16 5.08047e-13 6.94022e-17 9.79277e-16 2.79133e-15           1   9.733e-16 4.25274e-14 1.52932e-15 2.62639e-14  8.9693e-13 4.55632e-16 1.40652e-15 1.10919e-12 4.39905e-12 3.57396e-15 1.03426e-14 3.89652e-15 1.33453e-12 3.90211e-15 4.97002e-15 6.59829e-15 1.12514e-10 3.06114e-11 5.31363e-14 3.80117e-11
4.89079e-14 1.49234e-13 5.64781e-16 1.38373e-15 3.98141e-16 4.08947e-15 8.09168e-16 2.31485e-15 2.24736e-16 2.04194e-14 2.13404e-16 3.11549e-13 5.80394e-16 5.97873e-16 2.79494e-16   8.277e-16           1 2.58394e-14   6.308e-16  1.6664e-14 5.49321e-13  1.2788e-15 1.77379e-15 6.80446e-13   2.699e-12 2.41707e-15 2.03957e-15 3.17057e-15 8.18622e-13 1.26867e-15 8.78481e-15 1.52615e-15 6.90413e-11 1.87813e-11 2.30757e-14 2.33229e-11
3.59218e-11 1.10173e-10 1.15818e-13 5.44015e-14 2.41799e-13 2.80554e-12 5.59169e-14 1.80381e-12  3.4378e-14 1.51236e-11 1.13578e-13 2.29985e-10 4.64035e-14 9.01665e-15 3.07151e-14 4.22104e-14 2.58127e-14           1 7.78801e-13 1.21507e-11 4.06054e-10 3.98543e-14 8.66467e-15 5.03684e-10 1.99201e-09 3.59227e-14 8.17797e-14 1.45079e-14 6.04603e-10 6.02589e-14 7.30575e-14 1.28336e-12  5.0986e-08 1.38732e-08 2.45959e-11 1.72237e-08
1.46315e-12 4.48736e-12 4.52856e-15 2.70663e-15  9.8978e-15 1.14056e-13 1.70669e-15  7.3679e-14 1.34551e-15 6.15874e-13 4.89304e-15 9.36547e-12 2.46877e-15 5.52678e-16 9.76861e-16 1.60881e-15 7.70319e-16 7.78717e-13           1 4.94994e-13 1.65361e-11 1.88454e-15 1.63235e-15 2.05111e-11 8.11231e-11 2.84353e-15 4.37693e-15 7.62879e-16 2.46188e-11 3.80567e-15 5.79101e-16 5.43088e-14 2.07635e-09 5.64967e-10 1.00127e-12 7.01418e-10
