Overlap Matrix (abs) of the orthonormalized projected bands for spin 1
 at k-point 0 0 0
maxDeviation is: 2.72913e-05
          1 5.18125e-19 3.23789e-18 3.13193e-18  3.4344e-14 1.32784e-13 2.34484e-19 1.99039e-18 4.94245e-18  6.6138e-16 7.65747e-13 1.00503e-12 1.51009e-14 1.16497e-16 1.47444e-16   1.186e-14 1.11181e-11 2.87603e-13
5.18902e-19           1 1.06599e-15 8.26793e-16 2.04543e-13 7.92842e-13 4.30302e-16 2.29691e-16 6.23354e-16 1.19868e-15   4.577e-12    6.01e-12 8.09276e-14 2.87345e-16 5.81338e-17 6.08288e-14 6.64448e-11 1.51004e-12
3.23753e-18 1.06599e-15           1 6.29607e-16 2.80302e-13 1.08387e-12 5.61031e-16 5.02814e-17 1.39253e-16 4.67287e-17 6.25053e-12 8.20822e-12 1.34504e-13 1.29172e-15 7.28453e-16 1.01372e-13  9.0746e-11 2.51373e-12
  3.132e-18 8.26792e-16 6.49482e-16           1 1.81836e-13 7.04618e-13 8.13507e-16 1.73994e-16 1.67895e-16 3.68494e-17 4.06367e-12 5.33608e-12 1.06564e-13  1.9153e-15 1.25037e-15 8.00641e-14 5.89973e-11 1.99082e-12
3.43447e-14 2.04543e-13 2.80303e-13 1.81836e-13           1 1.00732e-09 3.02956e-14 4.79303e-13 1.44403e-13 2.85676e-13 5.80903e-09 7.62744e-09 2.17236e-10 1.55171e-11 8.86668e-12 1.63607e-10 8.43314e-08 4.05508e-09
1.32786e-13 7.92842e-13 1.08387e-12 7.04619e-13 1.00732e-09           1 1.16767e-13 1.85037e-12 5.57928e-13 1.10401e-12 2.24552e-08 2.94844e-08 8.39819e-10 5.99863e-11 3.42758e-11 6.32497e-10 3.25989e-07 1.56767e-08
2.34735e-19 4.30302e-16 5.48451e-16 7.83172e-16 3.02962e-14  1.1677e-13           1 5.63181e-17 2.04734e-16 4.92484e-18  6.7352e-13 8.84484e-13 1.03572e-14 1.04562e-15 1.36216e-15 7.83709e-15 9.77873e-12 1.95356e-13
 1.9901e-18 2.29692e-16 1.28121e-16 1.65085e-16 4.79304e-13 1.85037e-12 8.82415e-17           1 2.77734e-16 2.93843e-17 1.06746e-11 1.40178e-11 1.89718e-13 7.60454e-16 1.17812e-15 1.43103e-13 1.54976e-10 3.54702e-12
4.94264e-18 6.98044e-16 1.39252e-16 1.67895e-16 1.44403e-13 5.57928e-13 2.04734e-16 2.77734e-16           1 7.47297e-17 3.22034e-12 4.22962e-12 5.75083e-14 3.15778e-16 3.93303e-16 4.33613e-14 4.67611e-11 1.07608e-12
 1.1886e-15 1.19868e-15 4.67286e-17 3.68497e-17 2.85676e-13 1.10401e-12 4.92474e-18 2.93842e-17 7.47297e-17           1 6.36741e-12 8.36156e-12 9.89819e-14 4.08084e-16 2.56309e-16 7.48414e-14 9.24449e-11  1.8546e-12
7.65762e-13   4.577e-12 6.25055e-12 4.06368e-12 5.80902e-09 2.24552e-08 6.73507e-13 1.06746e-11 3.22034e-12 6.36742e-12           1 1.70031e-07 4.84382e-09 3.45981e-10 1.97696e-10 3.64805e-09 1.87991e-06 9.04185e-08
1.00505e-12    6.01e-12 8.20825e-12 5.33609e-12 7.62743e-09 2.94844e-08 8.84467e-13 1.40178e-11 4.22963e-12 8.36157e-12 1.70031e-07           1 6.36091e-09 4.54339e-10 2.59613e-10 4.79062e-09 2.46839e-06 1.18738e-07
1.51043e-14 8.09681e-14 1.34543e-13 1.06443e-13 2.17236e-10 8.39819e-10 1.02861e-14 1.89627e-13  5.7491e-14 9.91031e-14 4.84382e-09 6.36091e-09           1 1.53825e-10 2.68794e-10 2.42168e-09  7.0324e-08 4.84861e-10
5.55195e-16 2.35873e-16 5.55066e-16 3.17176e-16 6.60535e-14 2.59152e-13 5.86543e-17 1.55955e-15  4.2382e-16 6.62592e-16 1.49301e-12 1.96119e-12 1.06564e-14           1 9.42808e-16 1.39314e-14 2.16801e-11 2.49022e-13
3.44279e-16 2.73586e-16 2.61198e-16 4.93329e-16 2.77525e-13 1.07402e-12 7.80529e-17 2.79476e-16  2.7975e-16 3.08602e-16 6.19524e-12 8.13553e-12 9.28873e-14 1.06421e-15           1 6.74451e-14 8.99532e-11 1.54761e-12
1.18575e-14 6.08334e-14 1.01356e-13 8.02022e-14 1.63607e-10 6.32497e-10  7.8892e-15 1.43011e-13 4.33583e-14 7.48237e-14 3.64805e-09 4.79062e-09 2.41911e-09 1.15515e-10 2.01866e-10           1 5.29634e-08  5.6559e-10
1.11184e-11 6.64448e-11 9.07463e-11 5.89973e-11 8.43314e-08 3.25989e-07 9.77854e-12 1.54975e-10 4.67612e-11 9.24449e-11 1.87991e-06 2.46839e-06  7.0324e-08 5.02303e-09 2.87014e-09 5.29634e-08     1.00003 1.31272e-06
2.87618e-13 1.51021e-12 2.51372e-12 1.99103e-12 4.05508e-09 1.56767e-08 1.95484e-13 3.54686e-12 1.07602e-12 1.85461e-12 9.04185e-08 1.18738e-07 6.79347e-10 2.87522e-09  5.0242e-09 3.06617e-10 1.31272e-06           1
Overlap Matrix (abs) of the orthonormalized projected bands for spin 1
 at k-point    0 0.15    0
maxDeviation is: 0.000139025
          1 3.80576e-14 1.19071e-17 1.40916e-17 1.05998e-13 3.94396e-13 1.42258e-16  3.1536e-16 1.51441e-13 1.28453e-13 2.12584e-12 2.43564e-12 5.04026e-17 3.43373e-12 1.84354e-12  8.7835e-17 3.37426e-11 6.51883e-12
4.16942e-14           1 9.98318e-14 3.62093e-13 2.54906e-09 9.48631e-09 1.98805e-13 1.14219e-13  3.2117e-13  3.0894e-09 5.11252e-08 5.85772e-08 3.22263e-13 5.05865e-12 4.43316e-08 1.97835e-12 8.11518e-07 1.56786e-07
1.42681e-17 9.98339e-14           1 2.52026e-17 2.78388e-13 1.03779e-12 4.45952e-14 5.02783e-16 4.34955e-16 3.37712e-13 5.59272e-12 6.40741e-12 3.47985e-12 1.53657e-15 4.85104e-12 2.48571e-12 8.87711e-11 1.71503e-11
1.41609e-17 3.62094e-13 2.56285e-17           1 1.00871e-12 3.75371e-12 4.32591e-16 1.67227e-16 3.01045e-16 1.22279e-12 2.02304e-11 2.31777e-11 2.96401e-15 1.02952e-15 1.75462e-11 2.56544e-15 3.21116e-10 6.20385e-11
1.16113e-13 2.54908e-09 2.78387e-13 1.00871e-12           1 2.64225e-08 5.53496e-13 3.17224e-13 8.94892e-13 8.60545e-09 1.42405e-07 1.63149e-07 8.98188e-13 1.40892e-11 1.23511e-07 5.51071e-12 2.26036e-06 4.36695e-07
4.32059e-13 9.48617e-09 1.03779e-12  3.7537e-12 2.64225e-08           1 2.05971e-12 1.17974e-12 3.32985e-12 3.20245e-08  5.2995e-07 6.07153e-07 3.34233e-12 5.24352e-11  4.5963e-07 2.05074e-11 8.41182e-06 1.62511e-06
1.45046e-16 1.98801e-13 2.69317e-14 4.76206e-16  5.5349e-13 2.05973e-12           1 1.03962e-15 1.08785e-16 6.71119e-13 1.11084e-11 1.27265e-11 1.58323e-11 1.16074e-15 9.63225e-12 1.89185e-11 1.76317e-10 3.40638e-11
3.16327e-16 1.14219e-13 5.03874e-16 2.44451e-16 3.17225e-13 1.17975e-12 1.04047e-15           1  1.1679e-17 3.84309e-13 6.35785e-12  7.2841e-12 6.11639e-16 3.38604e-16 5.51437e-12 4.96272e-16 1.00919e-10  1.9497e-11
1.30294e-13 2.18432e-13 4.23288e-16  2.6992e-16 6.08628e-13 2.26442e-12 8.56161e-17 7.38605e-18           1 7.37512e-13 1.22044e-11 1.39822e-11  3.5954e-17 3.93784e-11 1.05851e-11 3.90403e-16  1.9372e-10 3.74261e-11
 1.4074e-13 3.08953e-09 3.37702e-13 1.22279e-12 8.60541e-09 3.20251e-08 6.71157e-13  3.8431e-13 1.08452e-12           1 1.72595e-07  1.9775e-07 1.08828e-12 1.70776e-11 1.49665e-07 6.67901e-12 2.73961e-06 5.29308e-07
2.32874e-12 5.11267e-08 5.59269e-12 2.02304e-11 1.42405e-07 5.29951e-07 1.11086e-11 6.35785e-12 1.79465e-11   1.726e-07    0.999997 3.27222e-06 1.80094e-11 2.82599e-10 2.47734e-06 1.10523e-10 4.53357e-05 8.75881e-06
2.66802e-12 5.85731e-08 6.40754e-12 2.31776e-11 1.63149e-07 6.07146e-07 1.27258e-11 7.28407e-12 2.05608e-11 1.97739e-07 3.27226e-06    0.999996  2.0635e-11 3.23769e-10 2.83817e-06 1.26627e-10   5.194e-05  1.0034e-05
2.29234e-17 3.22348e-13 1.46297e-12 1.45635e-15 8.98238e-13 3.34247e-12 1.26582e-11 7.97005e-16 1.47022e-16 1.08898e-12 1.80097e-11 2.06304e-11           1 1.95092e-15 1.56217e-11 2.15879e-09 2.85854e-10 5.52219e-11
3.39976e-12 6.61364e-13 2.31776e-16 3.54757e-16 1.84168e-12 6.85384e-12 1.21221e-16 5.24961e-17 3.91205e-11 2.23202e-12 3.69388e-11  4.2319e-11 3.28989e-16           1 3.20376e-11 1.43153e-15 5.86316e-10 1.13275e-10
 2.0198e-12 4.43469e-08  4.8506e-12 1.75467e-11 1.23512e-07 4.59654e-07 9.63474e-12 5.51444e-12 1.55655e-11  1.4971e-07 2.47723e-06 2.83809e-06 1.56201e-11 2.45107e-10    0.999998 9.58536e-11 3.93205e-05 7.59856e-06
1.20431e-16 1.97835e-12  1.9209e-12 1.53792e-15 5.51039e-12 2.05074e-11 1.87216e-11 1.27998e-16 5.50692e-16 6.67895e-12 1.10526e-10 1.26625e-10 2.20256e-09 1.11514e-14 9.58572e-11           1 1.75434e-09 3.38928e-10
 3.6963e-11 8.11519e-07 8.87712e-11 3.21116e-10 2.26037e-06 8.41181e-06 1.76317e-10 1.00918e-10 2.84864e-10 2.73962e-06 4.53358e-05 5.19398e-05 2.85865e-10 4.48569e-09 3.93214e-05 1.75434e-09     0.99928 0.000139024
7.14104e-12 1.56778e-07 1.71499e-11 6.20381e-11 4.36689e-07 1.62514e-06 3.40635e-11 1.94969e-11 5.50348e-11 5.29249e-07 8.75844e-06 1.00352e-05 5.52206e-11 8.66616e-10 7.59421e-06  3.3893e-10 0.000139025    0.999973
Overlap Matrix (abs) of the orthonormalized projected bands for spin 1
 at k-point    0 -0.2    0
maxDeviation is: 0.00235687
          1 9.72568e-14 1.68121e-16 1.51417e-16 3.21632e-13 1.15255e-12 1.42274e-16  3.9347e-16 2.23615e-13 2.70139e-13 6.05175e-12 6.50432e-12 2.08436e-16 3.90796e-12 6.28506e-12 4.91826e-16 9.52752e-11 2.80069e-11
8.71692e-14           1 9.42866e-13 3.20173e-12 8.12508e-09 2.91102e-08 9.52806e-13 9.03221e-14 2.43927e-12 6.82021e-09 1.52875e-07 1.64308e-07  3.3849e-12 4.67773e-12 1.58774e-07  1.0818e-11 2.40676e-06 7.07483e-07
1.65375e-16 9.42865e-13           1 6.55475e-16 3.11481e-12 1.11586e-11 6.65818e-14 5.79734e-16 1.51703e-15 2.61484e-12 5.86024e-11  6.2986e-11 3.95274e-12 1.80279e-15 6.08617e-11 3.04075e-12   9.226e-10 2.71206e-10
1.49424e-16 3.20173e-12 6.55059e-16           1 1.05853e-11   3.792e-11 1.16697e-15  8.1082e-16 7.05033e-16 8.88426e-12 1.99141e-10 2.14039e-10 5.87271e-15 1.06547e-15 2.06818e-10 1.34067e-14 3.13517e-09 9.21611e-10
2.88286e-13 8.12507e-09 3.11481e-12 1.05853e-11           1 9.62374e-08 3.14789e-12 3.00082e-13 8.06183e-12 2.25471e-08 5.05396e-07 5.43201e-07 1.11893e-11 1.54645e-11  5.2488e-07 3.57637e-11 7.95665e-06 2.33892e-06
1.03308e-12 2.91103e-08 1.11586e-11   3.792e-11 9.62375e-08           1 1.12773e-11 1.07292e-12 2.88802e-11 8.07811e-08 1.81072e-06 1.94616e-06 4.00877e-11 5.53989e-11 1.88053e-06 1.28134e-10 2.85068e-05 8.37985e-06
1.41048e-16 9.52806e-13 4.11332e-14 1.18016e-15 3.14789e-12 1.12773e-11           1 8.76982e-16  6.5872e-16 2.64164e-12 5.92252e-11 6.36554e-11 1.80251e-11 1.09123e-15 6.15085e-11 2.26086e-11 9.32408e-10 2.74089e-10
3.93671e-16 9.03224e-14 5.80602e-16 7.52914e-16 3.00082e-13 1.07292e-12 8.77654e-16           1 2.55748e-16 2.50644e-13  5.6407e-12 6.06243e-12 7.89702e-16  1.3519e-16 5.85844e-12 4.29085e-16 8.88038e-11 2.61047e-11
1.91864e-13 2.35915e-12  1.4882e-15 6.80966e-16 7.79701e-12 2.79315e-11 6.40585e-16 2.59855e-16           1 6.54414e-12 1.46684e-10 1.57659e-10 2.88103e-15  4.3865e-11 1.52339e-10 1.05741e-14 2.30932e-09 6.78846e-10
2.42152e-13 6.82009e-09 2.61484e-12 8.88426e-12  2.2547e-08 8.07804e-08 2.64163e-12 2.50641e-13 6.76641e-12           1 4.24226e-07 4.55955e-07 9.39197e-12 1.29796e-11  4.4059e-07   3.002e-11 6.67874e-06 1.96324e-06
 5.4244e-12 1.52874e-07 5.86023e-11 1.99141e-10 5.05396e-07 1.81072e-06 5.92252e-11 5.64068e-12 1.51666e-10 4.24223e-07     1.00001 1.02204e-05 2.10526e-10 2.90931e-10 9.87554e-06 6.72904e-10 0.000149705 4.40069e-05
5.82999e-12 1.64311e-07  6.2986e-11 2.14039e-10 5.43202e-07 1.94617e-06 6.36555e-11 6.06251e-12 1.63013e-10  4.5596e-07 1.02204e-05     1.00001 2.26273e-10 3.12698e-10 1.06144e-05 7.23238e-10 0.000160904 4.72996e-05
2.32224e-16 3.38484e-12 1.64772e-12 3.43301e-15 1.11894e-11 4.00877e-11 1.46159e-11  6.9317e-16 3.03092e-15 9.39161e-12 2.10526e-10 2.26277e-10           1 5.87098e-15 2.18643e-10 1.97013e-09 3.31441e-09 9.74299e-10
3.87125e-12 5.69446e-13 3.97599e-16 3.39636e-16 1.88101e-12 6.73759e-12 9.15473e-17 1.63928e-16 4.36134e-11 1.57864e-12  3.5383e-11 3.80299e-11 6.58891e-16           1 3.67477e-11 1.72822e-15 5.57052e-10 1.63752e-10
5.63358e-12 1.58765e-07 6.08614e-11 2.06818e-10 5.24877e-07  1.8805e-06 6.15083e-11 5.85827e-12 1.57514e-10 4.40574e-07 9.87565e-06 1.06144e-05 2.18641e-10 3.02147e-10     1.00001 6.98846e-10 0.000155476 4.57018e-05
4.30334e-16  1.0818e-11 2.38241e-12 1.50411e-14 3.57641e-11 1.28134e-10 2.23255e-11 1.41666e-16 1.09114e-14   3.002e-11 6.72902e-10 7.23239e-10 2.01296e-09 2.07181e-14 6.98842e-10           1 1.05938e-08 3.11413e-09
8.53982e-11 2.40676e-06   9.226e-10 3.13517e-09 7.95665e-06 2.85068e-05 9.32408e-10  8.8804e-11 2.38776e-09 6.67873e-06 0.000149705 0.000160904 3.31439e-09 4.58028e-09 0.000155475 1.05938e-08     1.00236 0.000692822
2.51036e-11 7.07491e-07 2.71207e-10 9.21612e-10 2.33893e-06 8.37982e-06  2.7409e-10 2.61047e-11 7.01903e-10  1.9633e-06 4.40074e-05 4.72984e-05 9.74301e-10 1.34641e-09 4.57054e-05 3.11413e-09 0.000692822      1.0002
Overlap Matrix (abs) of the orthonormalized projected bands for spin 1
 at k-point     0 -0.15     0
maxDeviation is: 2.44368e-05
          1 3.02225e-13 6.68051e-17 3.11481e-17 8.41941e-13 3.13342e-12 1.74367e-16 1.69252e-16 1.52487e-13 1.02037e-12  1.6887e-11 1.93471e-11 1.39725e-16 3.43476e-12 1.46464e-11 5.08632e-16 2.68051e-10 5.17832e-11
2.94285e-13           1 1.25873e-13 2.60658e-12 4.50141e-10 1.66909e-09 9.40631e-14 4.61446e-13 2.38807e-12 5.43275e-10 8.99487e-09 1.03098e-08 2.36019e-13 4.73134e-12 7.79029e-09 5.08615e-13 1.42795e-07 2.75876e-08
6.99573e-17 1.25874e-13           1 1.25737e-15 3.51289e-13 1.30569e-12  4.5212e-14 4.67968e-16 9.21872e-16 4.25234e-13 7.03914e-12 8.06503e-12 3.47913e-12 1.63912e-15 6.10432e-12 2.48677e-12 1.11736e-10  2.1585e-11
3.23057e-17 2.60658e-12 1.25762e-15           1 7.26102e-12 2.70277e-11 9.65914e-16  2.4344e-16 2.68419e-16 8.80068e-12 1.45664e-10 1.66885e-10 1.91156e-15 9.32587e-16 1.26338e-10 5.20035e-15 2.31217e-09 4.46677e-10
8.19819e-13  4.5016e-10  3.5129e-13 7.26103e-12           1 4.66127e-09 2.62471e-13 1.28401e-12 6.65152e-12 1.51765e-09  2.5124e-08 2.87847e-08 6.57834e-13 1.31812e-11 2.17885e-08 1.41881e-12 3.98804e-07 7.70389e-08
3.05108e-12 1.66896e-09 1.30568e-12 2.70277e-11 4.66123e-09           1 9.75145e-13 4.77876e-12  2.4756e-11 5.62657e-09 9.31492e-08 1.06724e-07 2.44726e-12 4.90604e-11 8.07753e-08 5.26944e-12 1.47861e-06 2.85604e-07
1.75233e-16 9.40572e-14 2.63163e-14 9.74315e-16 2.62474e-13  9.7516e-13           1 2.29728e-15  7.1183e-16 3.18295e-13 5.25176e-12 6.01727e-12  1.5834e-11 1.29357e-15 4.55302e-12 1.89176e-11 8.33645e-11 1.61048e-11
1.69182e-16 4.61445e-13 4.68978e-16 2.04794e-16 1.28401e-12 4.77876e-12 2.29762e-15           1  6.7204e-17 1.55623e-12 2.57577e-11 2.95098e-11 5.01831e-16 1.81691e-16 2.23395e-11 6.98449e-16 4.08855e-10 7.89845e-11
1.29264e-13 2.28253e-12 8.86834e-16  2.4818e-16 6.35751e-12 2.36617e-11 6.82475e-16 5.88288e-17           1 7.70438e-12 1.27524e-10 1.46102e-10 1.07797e-15 3.93788e-11 1.10605e-10 3.96138e-15 2.02423e-09  3.9105e-10
9.93565e-13 5.43403e-10 4.25242e-13 8.80069e-12  1.5176e-09 5.62717e-09 3.18331e-13 1.55624e-12 8.06067e-12           1 3.03252e-08 3.47565e-08   7.964e-13 1.59741e-11 2.62688e-08 1.71571e-12  4.8141e-07 9.30208e-08
1.64432e-11  8.9964e-09 7.03925e-12 1.45664e-10 2.51243e-08 9.31506e-08 5.25196e-12 2.57578e-11 1.33421e-10 3.03306e-08    0.999999 5.75199e-07 1.31843e-11 2.64409e-10 4.35533e-07 2.83996e-11 7.96966e-06 1.53964e-06
1.88386e-11 1.03057e-08 8.06475e-12 1.66885e-10 2.87845e-08 1.06717e-07 6.01662e-12 2.95096e-11 1.52859e-10 3.47451e-08 5.75239e-07    0.999999 1.51063e-11 3.02929e-10 4.98931e-07   3.254e-11  9.1309e-06 1.76325e-06
1.76131e-16 2.35837e-13 1.46367e-12 2.55206e-15 6.58119e-13 2.44737e-12 1.26566e-11 8.91367e-16 1.18876e-15 7.95858e-13  1.3184e-11 1.51037e-11           1 2.29515e-15 1.14343e-11 2.15878e-09 2.09273e-10 4.04263e-11
3.39931e-12  8.6389e-13 4.66916e-16 8.78051e-17 2.40579e-12 8.95354e-12 2.64696e-16 1.18452e-16 3.91203e-11 2.91532e-12 4.82555e-11  5.5285e-11 4.11804e-16           1 4.18521e-11 1.74881e-15 7.65967e-10 1.47976e-10
1.42617e-11 7.80561e-09 6.10536e-12 1.26338e-10 2.17897e-08 8.07995e-08 4.55529e-12 2.23402e-11 1.15719e-10 2.63135e-08 4.35417e-07 4.98848e-07 1.14355e-11 2.29327e-10           1  2.4629e-11 6.91145e-06 1.33709e-06
5.16779e-16 5.08589e-13 1.91982e-12 3.96358e-15 1.41861e-12  5.2695e-12 1.87225e-11 6.63893e-16 4.10346e-15 1.71551e-12  2.8402e-11 3.25414e-11 2.20256e-09 6.94819e-15 2.46222e-11           1 4.50823e-10 8.70882e-11
2.61006e-10 1.42796e-07 1.11736e-10 2.31217e-09 3.98805e-07  1.4786e-06 8.33644e-11 4.08855e-10 2.11784e-09  4.8142e-07 7.96973e-06 9.13068e-06 2.09276e-10 4.19704e-09 6.91228e-06 4.50822e-10    0.999873 2.44366e-05
5.04225e-11 2.75796e-08 2.15845e-11 4.46677e-10 7.70328e-08  2.8563e-07 1.61046e-11 7.89845e-11 4.09135e-10 9.29612e-08 1.53927e-06 1.76447e-06 4.04285e-11 8.10807e-10 1.33274e-06 8.70883e-11 2.44368e-05    0.999995
Overlap Matrix (abs) of the orthonormalized projected bands for spin 1
 at k-point 0.15    0    0
maxDeviation is: 9.52967e-06
          1 1.11418e-14 3.28192e-17 1.45722e-17 3.10896e-14 1.15759e-13 2.24553e-16 2.84009e-16 1.52284e-13 3.74506e-14 6.23212e-13 7.14098e-13 7.29302e-17 3.43409e-12 5.40224e-13  3.1681e-16 9.89061e-12 1.91075e-12
1.89451e-14           1  8.3541e-14 2.90333e-13 1.75199e-10 6.50903e-10 4.05488e-14 1.98487e-14 2.10025e-13 2.11858e-10 3.50632e-09 4.02149e-09 5.43334e-14 5.65738e-12 3.03043e-09 1.49302e-13 5.56695e-08 1.07594e-08
3.13001e-17 8.35396e-14           1 4.85043e-16 2.32583e-13 8.63966e-13 4.47252e-14 3.65529e-16 1.05762e-16 2.81324e-13 4.65434e-12 5.33238e-12 3.48089e-12 1.25393e-15 4.03663e-12 2.48603e-12  7.3874e-11 1.42718e-11
1.50499e-17 2.90332e-13 4.85215e-16           1 8.09048e-13 3.01025e-12 2.79773e-16 5.24864e-16   1.039e-16 9.80674e-13 1.62269e-11 1.85906e-11 2.96381e-15 1.82685e-15 1.40743e-11 1.60574e-15 2.57562e-10   4.976e-11
5.28308e-14 1.75218e-10 2.32583e-13 8.09047e-13           1 1.81495e-09 1.12214e-13 5.50935e-14 5.83367e-13 5.91178e-10 9.78092e-09 1.12058e-08  1.5205e-13 1.57544e-11 8.48241e-09 4.16171e-13 1.55246e-07 2.99961e-08
1.96643e-13 6.50769e-10 8.63971e-13 3.01025e-12  1.8149e-09           1 4.16036e-13 2.05022e-13 2.17063e-12 2.19563e-09 3.63299e-08 4.16253e-08  5.6333e-13  5.8631e-11 3.14997e-08 1.54527e-12 5.76652e-07 1.11393e-07
2.21669e-16 4.05516e-14 2.68038e-14 2.79361e-16 1.12209e-13  4.1603e-13           1 8.04322e-16 8.81672e-17  1.3565e-13 2.24051e-12 2.56662e-12 1.58333e-11 1.62851e-15 1.94382e-12 1.89187e-11 3.55608e-11 6.87007e-12
 2.8395e-16 1.98485e-14 3.66017e-16 4.45279e-16 5.50929e-14  2.0502e-13 8.04103e-16           1 5.97982e-17 6.66303e-14 1.10588e-12  1.2665e-12 2.30362e-16  2.7872e-16 9.58986e-13 1.78767e-15 1.75478e-11 3.39016e-12
 1.2946e-13  2.4463e-13 9.29523e-17 6.97578e-17 6.79512e-13 2.52832e-12 1.04974e-16 6.12442e-17           1  8.2342e-13 1.36264e-11 1.56124e-11 1.82283e-16 3.93771e-11 1.18175e-11 6.98628e-16 2.16288e-10 4.17855e-11
6.38053e-14 2.11986e-10 2.81327e-13 9.80675e-13 5.91131e-10 2.19623e-09 1.35633e-13 6.66311e-14 7.06927e-13           1 1.18307e-08 1.35669e-08 1.84467e-13 1.90974e-11 1.02297e-08 5.03461e-13 1.87827e-07 3.63156e-08
1.05916e-12 3.50784e-09 4.65431e-12 1.62269e-11 9.78119e-09 3.63314e-08 2.24042e-12 1.10589e-12  1.1699e-11 1.18361e-08           1 2.24281e-07 3.03608e-12 3.15991e-10 1.69912e-07 8.32688e-12 3.10767e-06 6.00556e-07
1.21335e-12 4.01733e-09 5.33242e-12 1.85906e-11 1.12056e-08  4.1618e-08 2.56691e-12 1.26651e-12 1.34033e-11 1.35555e-08 2.24321e-07           1 3.48046e-12 3.62021e-10 1.94603e-07 9.54118e-12 3.56042e-06 6.87315e-07
8.57738e-17 5.42204e-14 1.46193e-12 1.34944e-15 1.51854e-13 5.63424e-13 1.26573e-11 1.86706e-16 1.56226e-16 1.84091e-13 3.03618e-12 3.47626e-12           1 4.41928e-15 2.63222e-12 2.15878e-09 4.81812e-11 9.30068e-12
3.39947e-12 2.51638e-13  1.1785e-16  1.0092e-16   6.981e-13 2.59805e-12 8.25885e-17 6.03806e-17 3.91214e-11 8.46226e-13 1.40023e-11 1.60416e-11 2.06162e-16           1 1.21433e-11 1.59686e-15 2.22251e-10 4.29294e-11
9.19069e-13 3.04575e-09 4.03641e-12  1.4074e-11 8.48362e-09  3.1524e-08 1.94278e-12 9.59008e-13  1.0147e-11 1.02744e-08 1.69796e-07  1.9452e-07 2.63416e-12 2.74071e-10           1 7.22378e-12 2.69497e-06 5.22678e-07
3.31809e-16 1.49251e-13 1.92057e-12 2.33471e-15 4.16088e-13 1.54539e-12 1.87213e-11 1.35801e-15 6.37143e-16  5.0322e-13 8.32877e-12 9.54381e-12 2.20256e-09 1.45418e-14 7.21321e-12           1 1.32188e-10 2.55378e-11
1.68105e-11 5.56704e-08  7.3874e-11 2.57562e-10 1.55247e-07 5.76646e-07 3.55609e-11 1.75479e-11  1.8569e-10 1.87836e-07 3.10774e-06 3.56019e-06 4.81908e-11 5.01559e-09  2.6958e-06 1.32184e-10    0.999951 9.52949e-06
3.24767e-12 1.07514e-08 1.42723e-11 4.97605e-11   2.999e-08 1.11419e-07 6.87012e-12 3.39019e-12 3.58738e-11  3.6256e-08 6.00183e-07 6.88538e-07 9.31081e-12 9.68998e-10  5.1833e-07 2.55375e-11 9.52967e-06    0.999998
Overlap Matrix (abs) of the orthonormalized projected bands for spin 1
 at k-point 0.15 0.15    0
maxDeviation is: 1.45382e-05
          1 1.44273e-14 1.02332e-13 8.57263e-14 3.72984e-11  1.2762e-10 1.82809e-15 8.78394e-16 1.15135e-11 9.51773e-14 7.03735e-10 7.60476e-10 5.37758e-12 7.18966e-15 6.00979e-10 1.02438e-14 1.49217e-09 1.12095e-08
9.73241e-15           1 1.05681e-16 6.72228e-16 4.20107e-14 1.43657e-13 1.10446e-16 2.98881e-16  1.3302e-14 1.96292e-14 7.90373e-13 8.57904e-13 1.42526e-12 1.77076e-16 6.72957e-13 1.12325e-16 1.67617e-12 1.26159e-11
1.02334e-13 1.10792e-16           1 5.72196e-16 4.41841e-13 1.51221e-12 5.86941e-14 2.03848e-16 1.38006e-13 2.11562e-16 8.32451e-12 9.03553e-12 3.14676e-15 3.53659e-12 7.08441e-12   3.029e-12 1.76587e-11 1.32853e-10
8.57267e-14 6.75271e-16 5.11788e-16           1 3.69855e-13 1.26577e-12 1.87894e-16 7.20589e-16 1.16088e-13 4.26637e-17 6.96993e-12 7.56254e-12 2.07642e-15 5.51777e-15 5.93079e-12  4.5343e-15 1.47819e-11 1.11206e-10
3.72875e-11 6.20231e-14 4.41841e-13 3.69854e-13           1 5.50443e-10  8.3673e-15 4.75895e-15 5.03568e-11 4.08834e-13  3.0309e-09 3.28811e-09 2.32021e-11 3.11782e-14 2.57975e-09 4.24021e-14 6.42958e-09 4.83577e-08
1.27587e-10 2.12356e-13 1.51221e-12 1.26576e-12 5.50439e-10           1 2.80052e-14 1.47896e-14 1.72471e-10 1.39973e-12 1.03708e-08 1.12534e-08  7.9401e-11 1.07461e-13 8.82548e-09 1.45888e-13 2.19996e-08 1.65481e-07
1.82842e-15 1.13865e-16  3.5121e-14 3.16621e-16 8.37487e-15 2.80051e-14           1 2.11909e-16 2.50209e-15 1.23857e-16 1.52515e-13 1.65555e-13 5.26293e-16  1.4623e-11 1.29921e-13 2.24774e-11 3.23671e-13 2.43505e-12
8.78518e-16 2.98235e-16 2.04335e-16 7.86588e-16 4.75985e-15  1.4793e-14 3.11137e-16           1  1.3406e-15 1.98725e-16 8.22243e-14 8.91684e-14 6.30831e-16 2.20333e-16 6.99056e-14 5.51984e-16 1.74332e-13 1.31155e-12
1.17996e-11  1.9437e-14 1.37996e-13 1.16085e-13 5.04744e-11 1.72698e-10 2.50066e-15 1.33911e-15           1 1.27755e-13 9.53121e-10 1.02435e-09 7.25565e-12 9.89353e-15 8.22797e-10 1.34769e-14 1.99031e-09 1.51628e-08
1.08451e-14 2.14175e-14 1.85781e-16 5.00776e-17 4.61638e-14 1.57358e-13 1.27454e-16  2.0281e-16 1.41585e-14           1 8.71367e-13 9.45605e-13 1.42301e-12 7.89809e-16 7.41608e-13 6.67464e-16 1.84822e-12  1.3905e-11
7.01789e-10 1.16888e-12 8.32455e-12 6.96992e-12 3.03027e-09 1.03697e-08 1.52541e-13 8.22152e-14 9.48464e-10 7.70855e-12           1  6.1981e-08 4.37098e-10 5.93828e-13  4.8529e-08 8.03247e-13 1.21299e-07 9.11055e-07
7.63285e-10 1.26863e-12 9.03548e-12 7.56249e-12  3.2888e-09 1.12543e-08 1.65547e-13 8.91336e-14   1.036e-09 8.36616e-12 6.19472e-08           1 4.74388e-10 6.42571e-13  5.2763e-08 8.68114e-13 1.31096e-07  9.8872e-07
5.62918e-15 1.41579e-12  3.1089e-16 5.47395e-16 2.47643e-14  8.4533e-14 4.94041e-16 4.49058e-16 7.68533e-15 1.41072e-12 4.65301e-13 5.04981e-13           1 8.96302e-17 3.95963e-13 3.39712e-15 9.84831e-13 7.42358e-12
7.14293e-15 2.45174e-16 1.49108e-12 2.13855e-15 3.14818e-14 1.07344e-13 1.23205e-11 2.73445e-16 9.89097e-15 6.37123e-16 5.93541e-13 6.45778e-13 5.70224e-15           1 5.05809e-13 1.95048e-09 1.26389e-12 9.47529e-12
5.96273e-10 9.94852e-13 7.08446e-12  5.9308e-12 2.57882e-09 8.82479e-09 1.29999e-13 6.99168e-14 7.96387e-10 6.56018e-12 4.86328e-08 5.26952e-08 3.71981e-10 5.04708e-13           1 6.83595e-13 1.03652e-07 7.75262e-07
1.02384e-14 9.32567e-17 2.34327e-12 3.65343e-15 4.23482e-14 1.45863e-13 2.21092e-11 6.07056e-16 1.36266e-14 6.31688e-16 7.99377e-13 8.71245e-13 2.68637e-15  1.9856e-09 6.79076e-13           1 1.69885e-12 1.27812e-11
1.48799e-09 2.47923e-12 1.76591e-11 1.47819e-11 6.42592e-09 2.19907e-08 3.23671e-13 1.74296e-13 2.04128e-09 1.63514e-11 1.20885e-07 1.31765e-07 9.27174e-10 1.25525e-12 1.02427e-07 1.69928e-12           1 1.93242e-06
1.12103e-08 1.86553e-11 1.32853e-10 1.11206e-10 4.83583e-08 1.65483e-07 2.43501e-12 1.31126e-12 1.51569e-08 1.23017e-10 9.11107e-07 9.88632e-07 6.97543e-09 9.47639e-12 7.75426e-07 1.27842e-11 1.93237e-06     1.00001
Overlap Matrix (abs) of the orthonormalized projected bands for spin 1
 at k-point 0.2   0   0
maxDeviation is: 6.85805e-05
          1 2.35788e-13 3.49825e-16 1.02223e-16 7.79492e-13 2.79244e-12 2.25151e-16 2.58637e-16 2.22408e-13 6.54469e-13  1.4665e-11 1.57626e-11 6.80896e-16 3.90703e-12 1.52301e-11 3.75057e-16 2.30884e-10 6.78678e-11
2.45816e-13           1 4.97251e-14 9.53874e-14 8.04274e-10 2.88094e-09 5.36021e-14 6.66267e-14 1.36093e-13 6.74374e-10 1.51275e-08 1.62627e-08 7.66964e-14 4.37309e-12 1.57042e-08 3.44319e-13 2.38175e-07 7.00171e-08
3.50883e-16 4.97249e-14           1 2.05997e-16 1.63608e-13 5.87532e-13  6.7172e-14 2.21143e-16 3.30628e-16   1.382e-13 3.08562e-12 3.31657e-12 3.95136e-12 8.42861e-16  3.2042e-12 3.03959e-12 4.85778e-11 1.42793e-11
1.05662e-16 9.53878e-14 2.06139e-16           1 3.14807e-13 1.12854e-12 2.05076e-16 2.62487e-16 6.79081e-17 2.64173e-13 5.92636e-12  6.3698e-12 1.94381e-15 1.72609e-15 6.15458e-12 1.30171e-15 9.33018e-11 2.74258e-11
8.12647e-13 8.04284e-10 1.63609e-13 3.14806e-13           1 9.52927e-09 1.76886e-13 2.20204e-13 4.50775e-13 2.23099e-09 5.00412e-08 5.37867e-08 2.54398e-13 1.44592e-11 5.19664e-08 1.13917e-12 7.87834e-07 2.31589e-07
2.91122e-12 2.88079e-09 5.87533e-13 1.12854e-12 9.52918e-09           1  6.3314e-13 7.88774e-13 1.61496e-12 7.99097e-09 1.79241e-07  1.9266e-07 9.10586e-13 5.18005e-11  1.8613e-07  4.0801e-12 2.82193e-06 8.29497e-07
2.27153e-16 5.36007e-14  4.0531e-14 1.94422e-16 1.76887e-13 6.33144e-13           1  7.9149e-16 1.60679e-16 1.47847e-13 3.33091e-12  3.5796e-12 1.80244e-11 1.22029e-15 3.45839e-12 2.26046e-11 5.24337e-11 1.54134e-11
2.58503e-16 6.66268e-14 2.22122e-16 3.08164e-16 2.20204e-13 7.88776e-13 7.91638e-16           1  1.0508e-16 1.86811e-13   4.147e-12 4.45678e-12 3.87498e-16  1.8703e-16 4.30645e-12 1.46682e-15 6.52825e-11 1.91898e-11
1.93076e-13 3.81546e-14 3.19227e-16 2.28905e-17 1.27108e-13 4.55269e-13 1.31638e-16 9.76138e-17           1 1.06819e-13  2.3903e-12 2.57007e-12 8.43954e-17 4.38652e-11 2.48257e-12   2.339e-16 3.76394e-11 1.10641e-11
6.82288e-13 6.74493e-10   1.382e-13 2.64172e-13 2.23102e-09 7.99162e-09 1.47857e-13 1.86811e-13 3.78329e-13           1 4.19631e-08 4.51094e-08 2.13043e-13 1.21286e-11 4.35688e-08 9.55291e-13 6.60674e-07 1.94239e-07
1.52888e-11 1.51289e-08  3.0856e-12 5.92635e-12 5.00418e-08 1.79244e-07 3.33096e-12 4.14699e-12  8.4807e-12  4.1967e-08    0.999999 1.01167e-06  4.7837e-12 2.72028e-10 9.77606e-07 2.14245e-11  1.4819e-05 4.35629e-06
 1.6433e-11 1.62597e-08 3.31659e-12 6.36978e-12 5.37857e-08  1.9265e-07 3.57944e-12 4.45677e-12 9.11596e-12 4.51042e-08 1.01171e-06    0.999999 5.14312e-12 2.92384e-10 1.05068e-06 2.30305e-11  1.5928e-05 4.68149e-06
 6.7737e-16 7.67802e-14 1.64909e-12 7.20915e-16 2.54042e-13 9.10702e-13 1.46165e-11 6.61687e-16 5.22728e-17 2.13295e-13 4.78436e-12 5.14075e-12           1 1.04789e-15  4.9686e-12 1.97015e-09 7.53137e-11 2.21419e-11
3.87251e-12  3.7489e-14  2.4035e-16 4.53707e-17 1.24273e-13 4.45102e-13 7.74017e-17 4.92552e-17 4.36131e-11 1.04188e-13 2.33687e-12 2.51143e-12 1.11492e-16           1 2.42586e-12 1.10267e-15 3.67901e-11 1.08149e-11
 1.5878e-11 1.57135e-08 3.20415e-12 6.15459e-12 5.19695e-08 1.86161e-07 3.45876e-12 4.30644e-12 8.80772e-12 4.35849e-08 9.77498e-07 1.05066e-06  4.9679e-12   2.825e-10    0.999999 2.22473e-11 1.53892e-05 4.52552e-06
3.88516e-16 3.44309e-13 2.38358e-12 1.27842e-15 1.13923e-12 4.08007e-12 2.23294e-11 1.09077e-15 4.06717e-16 9.55306e-13 2.14276e-11 2.30283e-11 2.01294e-09 7.37106e-15 2.22546e-11           1 3.37324e-10 9.91564e-11
2.40704e-10 2.38177e-07 4.85778e-11 9.33016e-11 7.87835e-07 2.82192e-06 5.24336e-11 6.52824e-11 1.33524e-10 6.60691e-07 1.48191e-05 1.59277e-05 7.53208e-11 4.28268e-09 1.53902e-05 3.37323e-10    0.999767 6.85803e-05
7.07545e-11 7.00083e-08 1.42794e-11 2.74257e-11 2.31582e-07 8.29525e-07 1.54132e-11 1.91897e-11  3.9249e-11 1.94178e-07 4.35584e-06 4.68268e-06 2.21364e-11 1.25889e-09 4.52197e-06 9.91579e-11 6.85805e-05     0.99998
Overlap Matrix (abs) of the orthonormalized projected bands for spin 1
 at k-point  0.2 -0.2    0
maxDeviation is: 1.07022e-05
          1 6.45316e-14 1.06832e-13 8.43729e-14 2.87015e-11 8.96392e-11 1.53063e-14 3.55258e-14 2.53385e-12  1.4862e-13 5.12876e-10 5.40939e-10 6.43011e-12 3.39639e-14 2.35388e-10 6.91936e-15 3.79572e-10 8.63646e-09
5.97158e-14           1 1.19304e-15 3.72882e-17 2.41657e-13 7.53388e-13 7.19578e-16 5.21437e-16 2.12008e-14 3.66419e-14 4.30797e-12 4.56511e-12 1.85238e-12 3.05303e-16 2.01201e-12 1.16365e-16 3.21765e-12   7.277e-11
1.06832e-13 1.19853e-15           1 7.55033e-16 4.32721e-13  1.3491e-12  6.7642e-16 5.99994e-16 3.79864e-14 1.18133e-16 7.70782e-12 8.16788e-12 3.53074e-15 1.02633e-14 3.59988e-12 1.06258e-14 5.75643e-12 1.30201e-10
8.43726e-14 3.64335e-17 6.90132e-16           1 3.41635e-13 1.06535e-12 6.56323e-14 4.29468e-16  2.9769e-14 4.20263e-16 6.08765e-12 6.45095e-12 7.21485e-16 3.25241e-12 2.84333e-12 3.28255e-12 4.54652e-12 1.02835e-10
2.86982e-11 2.61085e-13 4.32723e-13 3.41636e-13           1 3.68522e-10 6.19901e-14 1.42753e-13 1.03178e-11 6.01853e-13 2.10606e-09 2.23077e-09 2.60385e-11  1.3662e-13 9.82201e-10 2.77912e-14 1.57077e-09 3.55616e-08
8.93879e-11 8.14261e-13  1.3491e-12 1.06535e-12 3.68425e-10           1 1.92431e-13 4.48387e-13 3.20659e-11 1.87603e-12 6.56394e-09 6.95997e-09 8.11723e-11 4.25926e-13 3.06658e-09 8.79625e-14 4.87646e-09 1.10889e-07
1.53064e-14 7.19911e-16 3.55623e-16 3.79909e-14 6.19896e-14 1.92431e-13           1 2.23069e-16 5.50265e-15 1.61283e-16   1.102e-12 1.16783e-12  4.3896e-16  1.1966e-11  5.1458e-13 2.32565e-11 8.23001e-13 1.86139e-11
3.55255e-14 5.18392e-16 6.66874e-16 4.29442e-16 1.42752e-13 4.48383e-13 1.62219e-16           1 1.25227e-14 3.19452e-16 2.56242e-12 2.71542e-12 8.61572e-16 3.40245e-16 1.19686e-12 1.28226e-16 1.91367e-12  4.3286e-11
2.48733e-12 2.29701e-14 3.79861e-14 2.97693e-14 1.03027e-11  3.2254e-11 5.50294e-15 1.25227e-14           1  5.2677e-14 1.84696e-10 1.94352e-10 2.28151e-12 1.19679e-14 8.26696e-11 2.46638e-15 1.30782e-10 3.10148e-09
3.02278e-14 3.60103e-14 1.57612e-16 4.27459e-16 1.22393e-13 3.81421e-13 1.66589e-16  3.3336e-16 1.06729e-14           1  2.1809e-12 2.31091e-12 1.13274e-12 3.81038e-16 1.01856e-12 6.39001e-17 1.62875e-12 3.68386e-11
5.10422e-10 4.65504e-12 7.70782e-12 6.08765e-12 2.10513e-09 6.56538e-09 1.10202e-12 2.56244e-12 1.83125e-10 1.07213e-11           1 3.97793e-08  4.6383e-10 2.43237e-12 1.75094e-08 5.03339e-13 2.77599e-08 6.33644e-07
5.42414e-10 4.93295e-12 8.16792e-12 6.45096e-12 2.23126e-09  6.9548e-09 1.16785e-12 2.71545e-12 1.94475e-10 1.13613e-11 3.97373e-08           1 4.91527e-10 2.57615e-12  1.8628e-08 5.30745e-13 2.98731e-08 6.71437e-07
5.16572e-15 1.84069e-12  3.9294e-16 3.35362e-16 2.09992e-14 6.52405e-14 5.75836e-17 9.72137e-16 1.72343e-15 1.12452e-12 3.72513e-13 3.94385e-13           1 3.90265e-16 1.76114e-13 2.29335e-15 2.73106e-13 6.28893e-12
3.39711e-14  2.2244e-16 4.62163e-15 1.34064e-12 1.36677e-13 4.25921e-13  1.0458e-11 2.63967e-16 1.20147e-14 5.11922e-16  2.4323e-12 2.57853e-12 6.10638e-15           1  1.1359e-12 1.64082e-09 1.81071e-12 4.10887e-11
2.41004e-10 2.17412e-12 3.59996e-12 2.84334e-12 9.84369e-10 3.06812e-09 5.14579e-13 1.19688e-12 8.72955e-11 5.00751e-12 1.75557e-08 1.85045e-08 2.16637e-10  1.1361e-12           1 2.33213e-13 1.36269e-08 2.95984e-07
6.88923e-15 1.49636e-16 8.38264e-15 2.58323e-12 2.79576e-14 8.78299e-14 2.26709e-11 2.37018e-16 2.47189e-15 7.40659e-17 5.00117e-13 5.32688e-13 5.27441e-15 1.66626e-09 2.35437e-13           1 3.74425e-13 8.47447e-12
 3.8376e-10 3.47686e-12 5.75652e-12 4.54655e-12 1.57304e-09  4.9265e-09 8.22833e-13 1.91369e-12 1.43079e-10  8.0072e-12  2.8273e-08 2.94947e-08 3.46413e-10 1.82223e-12 1.25346e-08 3.74729e-13           1 4.73036e-07
8.63618e-09 7.86333e-11 1.30201e-10 1.02835e-10 3.55615e-08 1.10887e-07 1.86139e-11 4.32864e-11 3.10089e-09 1.81108e-10 6.33623e-07 6.71455e-07 7.83525e-09 4.10858e-11 2.96028e-07 8.47601e-12 4.73013e-07     1.00001
Overlap Matrix (abs) of the orthonormalized projected bands for spin 1
 at k-point -0.2    0    0
maxDeviation is: 1.0676e-05
          1 3.93318e-14 2.80161e-17 1.04695e-17 1.29951e-13 4.65432e-13 1.12609e-16 1.21677e-16 2.24163e-13 1.08966e-13  2.4433e-12 2.62723e-12 6.98053e-17 3.90834e-12 2.53776e-12 5.46689e-16 3.84772e-11 1.13107e-11
4.83692e-14           1 1.77489e-13 3.02524e-13 1.25085e-10 4.48338e-10 3.82851e-14 1.14164e-13 1.39629e-13 1.04849e-10   2.353e-09 2.53257e-09 5.01213e-14 4.44399e-12  2.4381e-09 2.25542e-13   3.706e-08 1.08992e-08
2.84349e-17 1.77489e-13           1 3.04706e-16 5.84614e-13  2.0932e-12 6.69892e-14 4.08398e-16 5.72042e-16 4.90049e-13 1.09926e-11 1.18152e-11  3.9504e-12 5.24436e-16 1.14158e-11  3.0401e-12  1.7306e-10 5.08708e-11
1.35325e-17 3.02522e-13 3.04541e-16           1  1.0038e-12 3.59367e-12 3.72192e-16 2.96885e-16 3.63772e-17 8.41039e-13 1.88719e-11 2.02839e-11 1.89319e-15 1.64384e-15  1.9599e-11 1.53613e-15 2.97108e-10 8.73339e-11
1.59839e-13 1.25095e-10 5.84614e-13  1.0038e-12           1 1.48269e-09 1.25958e-13 3.79452e-13 4.61326e-13 3.47114e-10 7.78573e-09 8.36995e-09 1.66463e-13 1.46984e-11 8.08455e-09 7.46432e-13 1.22585e-07 3.60389e-08
5.72501e-13  4.4819e-10  2.0932e-12 3.59368e-12 1.48261e-09           1 4.51441e-13 1.35855e-12 1.65256e-12  1.2436e-09 2.78975e-08 2.99938e-08 5.95466e-13  5.2655e-11 2.89619e-08 2.67461e-12 4.39256e-07 1.29108e-07
1.10754e-16  3.8285e-14 4.07118e-14 3.66811e-16 1.25966e-13 4.51439e-13           1   1.228e-15 7.97732e-17 1.06089e-13 2.36801e-12 2.54634e-12 1.80243e-11 1.04168e-15 2.46014e-12 2.26042e-11 3.72912e-11 1.09615e-11
1.21372e-16 1.14164e-13 4.07767e-16 3.59897e-16 3.79452e-13 1.35855e-12  1.2281e-15           1 2.46816e-16 3.18332e-13 7.14098e-12 7.67513e-12  5.6853e-16 3.89746e-16 7.41584e-12 2.92444e-16 1.12421e-10 3.30461e-11
1.91321e-13 1.90073e-13 5.92596e-16 3.64007e-17 6.29496e-13 2.25498e-12 1.09251e-16 2.34082e-16           1 5.27969e-13  1.1842e-11 1.27287e-11 5.11071e-17 4.38643e-11 1.22985e-11 6.76261e-16 1.86435e-10 5.48023e-11
1.34022e-13 1.04968e-10 4.90049e-13 8.41035e-13 3.47137e-10 1.24425e-09 1.06087e-13 3.18333e-13 3.86912e-13           1 6.53026e-09 7.02575e-09 1.39945e-13 1.23293e-11  6.7722e-09 6.26157e-13 1.02837e-07 3.02622e-08
3.00559e-12 2.35444e-09 1.09926e-11 1.88719e-11 7.78634e-09 2.79005e-08 2.36799e-12 7.14099e-12 8.67803e-12 6.53417e-09           1 1.57456e-07 3.12712e-12 2.76521e-10 1.52257e-07 1.40435e-11 2.30666e-06 6.78293e-07
3.23163e-12 2.52952e-09 1.18151e-11 2.02841e-11 8.36893e-09 2.99836e-08  2.5464e-12 7.67513e-12 9.32789e-12 7.02058e-09 1.57494e-07           1 3.36077e-12 2.97209e-10 1.63581e-07 1.50966e-11 2.47964e-06 7.28332e-07
5.67577e-17 5.01586e-14 1.65004e-12 8.39197e-16 1.66055e-13 5.95497e-13 1.46166e-11 2.98776e-16 5.26793e-17  1.4011e-13 3.12728e-12  3.3611e-12           1 1.82208e-15 3.24736e-12 1.97015e-09 4.92297e-11 1.44705e-11
3.87111e-12 2.37332e-13 2.83549e-16 8.29973e-17 7.85597e-13 2.81433e-12 8.95739e-17 1.08362e-16 4.36138e-11 6.58878e-13   1.478e-11 1.58845e-11 1.59236e-16           1 1.53484e-11 1.32491e-15 2.32672e-10 6.83953e-11
3.12163e-12 2.44732e-09 1.14159e-11 1.95986e-11  8.0877e-09 2.89923e-08 2.45999e-12 7.41586e-12 9.01265e-12 6.78831e-09 1.52149e-07 1.63568e-07 3.24727e-12 2.87168e-10           1 1.45818e-11 2.39533e-06  7.0596e-07
 5.6965e-16 2.25531e-13 2.38308e-12 1.36351e-15 7.46459e-13 2.67459e-12 2.23299e-11 3.54668e-16 4.86062e-16 6.26155e-13 1.40466e-11 1.50946e-11 2.01294e-09 1.06297e-14 1.45884e-11           1 2.21111e-10  6.4996e-11
4.73296e-11 3.70621e-08  1.7306e-10 2.97108e-10 1.22587e-07 4.39246e-07 3.72912e-11 1.12422e-10 1.36624e-10 1.02854e-07  2.3068e-06 2.47929e-06 4.92316e-11 4.35334e-09 2.39637e-06 2.21109e-10    0.999964 1.06758e-05
1.39128e-11 1.08905e-08 5.08705e-11 8.73348e-11 3.60321e-08 1.29136e-07 1.09615e-11 3.30462e-11 4.01602e-11 3.02011e-08 6.77843e-07 7.29517e-07 1.44715e-11 1.27966e-09 7.02411e-07 6.49968e-11  1.0676e-05    0.999997
Overlap Matrix (abs) of the orthonormalized projected bands for spin 1
 at k-point -0.15     0     0
maxDeviation is: 7.23423e-05
          1 5.41375e-14 2.66927e-17 5.44779e-17 1.52886e-13 5.68841e-13 1.33384e-16 2.58293e-16 1.51335e-13 1.82248e-13 3.06448e-12 3.51093e-12 3.48661e-15  3.4352e-12 2.65496e-12 5.80813e-16 4.86723e-11 9.37572e-12
4.49172e-14           1 1.33378e-13 2.68832e-13 2.52428e-10  9.3992e-10 5.82171e-14  1.3624e-14 3.89757e-13 3.01323e-10 5.06632e-09 5.79916e-09 5.76619e-12 5.33634e-12 4.40055e-09 9.68781e-13  8.0447e-08 1.54925e-08
1.89933e-17 1.33396e-13           1 7.32741e-16 3.74406e-13 1.39527e-12 4.47586e-14 1.79614e-16 1.24151e-16 4.47389e-13 7.51779e-12 8.60891e-12 3.48491e-12 4.53032e-15 6.52203e-12 2.48479e-12 1.19394e-10 2.29991e-11
5.17789e-17 2.68832e-13 7.32589e-16           1 7.60411e-13 2.82856e-12 5.44283e-16 4.40798e-16  8.7447e-17 9.06121e-13  1.5239e-11 1.74568e-11 2.01113e-14 1.93661e-15 1.32037e-11 7.80246e-16 2.42027e-10 4.66223e-11
1.26846e-13 2.52409e-10 3.74393e-13 7.60413e-13           1 2.65228e-09 1.65047e-13 3.76603e-14 1.10026e-12 8.49834e-10 1.42921e-08 1.63717e-08 1.62704e-11 1.50672e-11  1.2385e-08 2.73262e-12 2.26986e-07 4.37218e-08
 4.7194e-13 9.40053e-10 1.39532e-12 2.82855e-12 2.65232e-09           1 6.13987e-13 1.41422e-13 4.09415e-12  3.1651e-09 5.32255e-08 6.09671e-08 6.05931e-11 5.60646e-11 4.61302e-08 1.01772e-11 8.45311e-07 1.62848e-07
1.35026e-16 5.82317e-14 2.67712e-14 5.92137e-16 1.65066e-13 6.13909e-13           1 5.39964e-16 4.24281e-16 1.96761e-13  3.3133e-12 3.79116e-12 1.58359e-11 4.90774e-15 2.87914e-12 1.89185e-11 5.26017e-11 1.01306e-11
2.59266e-16 1.36277e-14 1.78861e-16 3.77659e-16 3.76629e-14 1.41408e-13  5.3861e-16           1 1.11302e-16 4.52693e-14 7.57307e-13 8.67284e-13 6.48973e-16  8.3761e-16 6.57877e-13 2.79425e-16 1.20304e-11 2.31744e-12
1.30419e-13 2.83131e-13 1.32051e-16 5.29819e-17 7.99147e-13 2.97374e-12 3.19451e-16  9.6801e-17           1 9.52671e-13  1.6023e-11 1.83549e-11 1.82373e-14 3.93794e-11 1.38839e-11 2.86603e-15 2.54478e-10 4.90205e-11
1.51235e-13 3.01196e-10 4.47258e-13 9.06129e-13  8.4988e-10 3.16451e-09 1.96618e-13 4.52408e-14 1.31169e-12           1 1.70573e-08 1.95266e-08 1.94122e-11 1.79646e-11 1.48111e-08 3.26158e-12 2.70856e-07 5.21476e-08
2.54242e-12 5.06481e-09 7.51701e-12 1.52391e-11 1.42919e-08 5.32241e-08  3.3123e-12 7.57134e-13 2.20601e-11 1.70519e-08           1 3.28571e-07 3.26498e-10 3.02091e-10  2.4842e-07 5.48339e-11 4.55503e-06 8.77281e-07
2.91256e-12 5.80328e-09 8.61154e-12 1.74565e-11 1.63719e-08 6.09744e-08 3.79454e-12 8.67895e-13 2.52704e-11 1.95378e-08  3.2853e-07           1 3.74056e-10 3.46052e-10 2.84628e-07 6.28275e-11 5.21777e-06 1.00566e-06
2.92883e-15 5.76751e-12  1.4581e-12 1.59448e-14 1.62708e-11 6.05905e-11 1.26548e-11 1.16742e-15 2.52759e-14 1.94209e-11 3.26542e-10 3.73899e-10           1 3.44358e-13 2.83342e-10 2.15872e-09 5.18556e-09 9.99012e-10
3.39905e-12 1.63106e-13 4.27526e-16 1.04514e-16 4.61328e-13 1.71633e-12 2.14817e-16 1.67806e-16 3.91202e-11 5.49959e-13 9.24764e-12 1.05949e-11 1.04269e-14           1 8.01236e-12 2.77942e-15 1.46881e-10 2.82955e-11
2.20334e-12 4.38539e-09 6.51274e-12 1.32048e-11 1.23838e-08 4.61059e-08 2.86738e-12 6.55751e-13 1.91155e-11 1.47669e-08 2.48537e-07 2.84712e-07 2.82799e-10 2.61762e-10           1 4.74872e-11 3.94732e-06 7.58362e-07
4.85354e-16 9.68094e-13 1.92183e-12 4.61853e-15  2.7326e-12 1.01752e-11 1.87214e-11 2.77498e-16 4.02309e-15 3.26059e-12 5.48445e-11 6.27835e-11 2.20262e-09 5.81436e-14  4.7611e-11           1 8.70783e-10 1.67394e-10
4.03796e-11 8.04461e-08 1.19395e-10 2.42027e-10 2.26985e-07 8.45317e-07 5.26035e-11 1.20307e-11  3.5036e-10 2.70847e-07 4.55496e-06   5.218e-06 5.18556e-09 4.79783e-09  3.9465e-06 8.70985e-10     1.00007 1.39356e-05
