Overlap Matrix (abs) of the orthonormalized projected bands for spin 1
 at k-point 0 0 0
maxDeviation is: 0.000454429
          1 3.43259e-12 1.74052e-16  2.2432e-16 4.74515e-12 9.57106e-12 9.96245e-18 2.73376e-17 3.24351e-15 7.85144e-12  5.9958e-11 5.56563e-11 3.07307e-16 3.44348e-16 8.26546e-16 2.88974e-15 1.10349e-09 2.87533e-10
3.43259e-12           1 7.25181e-12 3.01723e-12 2.33304e-08 4.70586e-08 8.64928e-13 1.53814e-12 6.17742e-12 1.08832e-07 2.94806e-07 2.73653e-07  4.5651e-12 2.47629e-12 3.21372e-12 1.31303e-11 5.42573e-06 3.98556e-06
1.74052e-16 7.25181e-12           1 1.28735e-15 9.59034e-12 1.93447e-11 5.04239e-16 8.86683e-16   4.658e-16 1.65868e-11 1.21185e-10  1.1249e-10  1.3903e-15 2.61731e-16 1.65628e-16 6.23556e-15 2.23033e-09  6.0744e-10
2.24322e-16 3.01723e-12 1.31132e-15           1 8.94553e-12 1.80434e-11 1.23174e-15 5.81715e-16 5.79955e-16 6.90278e-12 1.13036e-10 1.04926e-10 1.22986e-15 3.01656e-16 4.90801e-16    5.86e-15 2.08036e-09 2.52759e-10
4.74515e-12 2.33304e-08 9.59034e-12 8.94553e-12           1 2.89495e-07 1.66954e-12 5.06726e-12 1.12371e-11 5.33569e-08 1.81357e-06 1.68345e-06 1.78362e-11 3.92018e-12  1.0288e-11 8.87431e-11 3.33777e-05 1.95402e-06
9.57106e-12 4.70586e-08 1.93447e-11 1.80434e-11 2.89495e-07    0.999999 3.36727e-12 1.02204e-11 2.26654e-11 1.07624e-07 3.65801e-06 3.39555e-06 3.59756e-11 7.90648e-12 2.07506e-11 1.78997e-10 6.73236e-05 3.94136e-06
9.96118e-18 8.64928e-13 4.44023e-16 9.79576e-16 1.66954e-12 3.36727e-12           1 5.46357e-16 9.13103e-17 1.97769e-12 2.10961e-11 1.95828e-11 1.30636e-16  2.0895e-16 5.46228e-16  9.4664e-16 3.88267e-10 7.24229e-11
2.73508e-17 1.53814e-12 6.35325e-16 5.19558e-16 5.06726e-12 1.02204e-11 4.99084e-16           1 1.02247e-16 3.51656e-12  6.4028e-11 5.94341e-11 5.09419e-16 2.51568e-16 1.28766e-16 3.23328e-15  1.1784e-09 1.28803e-10
5.70792e-16 6.17742e-12 4.65754e-16 5.79924e-16 1.12371e-11 2.26654e-11 9.13103e-17 1.02247e-16           1 1.41322e-11 1.41988e-10 1.31801e-10 8.32558e-16 7.96704e-17 2.74545e-16 6.78023e-15 2.61321e-09 5.17537e-10
7.85144e-12 1.08832e-07 1.65868e-11 6.90278e-12 5.33569e-08 1.07624e-07 1.97769e-12 3.51656e-12 1.41322e-11           1 6.74226e-07 6.25849e-07 1.04419e-11 5.66325e-12 7.35106e-12  3.0028e-11 1.24087e-05 9.11662e-06
 5.9958e-11 2.94806e-07 1.21185e-10 1.13036e-10 1.81357e-06 3.65801e-06 2.10961e-11  6.4028e-11 1.41988e-10 6.74226e-07    0.999977 2.12718e-05 2.25372e-10  4.9529e-11 1.29995e-10 1.12134e-09 0.000421755 2.46913e-05
5.56563e-11 2.73653e-07  1.1249e-10 1.04926e-10 1.68345e-06 3.39555e-06 1.95828e-11 5.94341e-11 1.31801e-10 6.25849e-07 2.12718e-05     0.99998 2.09202e-10 4.59757e-11 1.20669e-10 1.04089e-09 0.000391495 2.29196e-05
3.07295e-16  4.5651e-12 1.36745e-15 1.20005e-15 1.78362e-11 3.59756e-11 1.30484e-16 5.09662e-16 8.32564e-16 1.04419e-11 2.25372e-10 2.09202e-10           1 8.69265e-16 1.17497e-15 7.84431e-13 4.14784e-09 3.82408e-10
3.28825e-16 2.47661e-12 2.61648e-16 3.01402e-16 3.91461e-12 7.89524e-12 2.08935e-16 2.51648e-16 7.64335e-17 5.66398e-12 4.94586e-11 4.59103e-11 8.68931e-16           1 3.33884e-16 2.48342e-15 9.10259e-10 2.07435e-10
8.77223e-16 3.22129e-12 1.65829e-16 4.90627e-16 1.02879e-11 2.07503e-11 5.46293e-16 1.28844e-16 2.75632e-16 7.36837e-12 1.29993e-10 1.20667e-10 1.17493e-15 3.66759e-16           1 6.79196e-15 2.39245e-09 2.69845e-10
2.88974e-15 1.31303e-11  6.1803e-15 5.79264e-15 8.87431e-11 1.78997e-10 9.47155e-16 3.23357e-15 6.78023e-15  3.0028e-11 1.12134e-09 1.04089e-09 8.18183e-13 2.48715e-15 6.79122e-15           1 2.06376e-08 1.09972e-09
1.10349e-09 5.42573e-06 2.23033e-09 2.08036e-09 3.33777e-05 6.73236e-05 3.88267e-10  1.1784e-09 2.61321e-09 1.24087e-05 0.000421755 0.000391495 4.14784e-09 9.11555e-10 2.39248e-09 2.06376e-08    0.992238 0.000454429
2.87533e-10 3.98556e-06  6.0744e-10 2.52759e-10 1.95402e-06 3.94136e-06 7.24229e-11 1.28803e-10 5.17537e-10 9.11662e-06 2.46913e-05 2.29196e-05 3.82408e-10 2.07408e-10 2.69211e-10 1.09972e-09 0.000454429     1.00033
Overlap Matrix (abs) of the orthonormalized projected bands for spin 1
 at k-point     0 0.025     0
maxDeviation is: 0.100355
          1  6.5036e-12 1.82687e-16 3.71527e-16 7.11612e-12 1.43538e-11 4.51792e-17 5.24285e-17 4.93118e-15 1.48453e-11 8.98243e-11 8.23592e-11 1.40077e-15 3.80466e-15 1.81869e-11 4.58418e-15  1.6543e-09  5.4388e-10
6.50362e-12           1 3.04599e-11 1.46655e-10 1.69711e-06 3.42316e-06  2.2786e-12 1.66069e-12 9.28923e-12 3.54042e-06 2.14219e-05 1.96416e-05 2.05368e-10 8.71976e-12 4.33735e-06 1.06592e-09 0.000394528 0.000129709
1.82686e-16 3.04599e-11           1 2.73528e-15 3.33291e-11 6.72272e-11 4.70465e-16 2.92072e-16 1.61908e-16 6.95301e-11 4.20703e-10  3.8574e-10 4.39849e-15 3.62823e-16 8.51812e-11 2.09972e-14 7.74811e-09 2.54735e-09
 3.7153e-16 1.46655e-10 2.73755e-15           1 1.60467e-10 3.23671e-10 5.85078e-16 3.00513e-16 6.97657e-16 3.34757e-10 2.02551e-09 1.85717e-09 1.95056e-14 7.37958e-16 4.10109e-10 1.00678e-13 3.73038e-08 1.22644e-08
7.11615e-12 1.69711e-06 3.33291e-11 1.60467e-10           1 3.74557e-06 2.49317e-12 1.81716e-12 1.01642e-11 3.87388e-06 2.34395e-05 2.14916e-05 2.24711e-10 9.54093e-12 4.74587e-06 1.16631e-09 0.000431687 0.000141926
1.43538e-11 3.42316e-06 6.72272e-11 3.23671e-10 3.74557e-06     1.00001 5.02939e-12 3.66527e-12 2.05015e-11 7.81381e-06 4.72788e-05 4.33496e-05 4.53254e-10 1.92448e-11 9.57266e-06 2.35251e-09 0.000870736 0.000286272
4.51665e-17  2.2786e-12 2.96661e-16 5.71497e-16 2.49317e-12 5.02939e-12           1 1.73665e-15 1.13477e-17 5.20082e-12 3.14691e-11 2.88538e-11 1.05702e-15 8.33521e-17 6.37164e-12 5.20398e-16 5.79569e-10 1.90544e-10
5.24338e-17 1.66069e-12 2.77896e-16 2.15525e-16 1.81716e-12 3.66527e-12  1.7277e-15           1 1.39334e-16 3.79116e-12 2.29344e-11  2.1029e-11 3.93546e-16 1.00628e-16 4.64388e-12 1.18321e-15 4.22402e-10 1.38873e-10
 1.1646e-15 9.28923e-12 1.61874e-16 6.97679e-16 1.01642e-11 2.05015e-11 1.13483e-17 1.39334e-16           1 2.12036e-11 1.28296e-10 1.17634e-10 1.22677e-15 4.73714e-16 2.59765e-11 6.25893e-15 2.36284e-09 7.76829e-10
1.48453e-11 3.54042e-06 6.95301e-11 3.34757e-10 3.87388e-06 7.81381e-06 5.20082e-12 3.79116e-12 2.12036e-11     1.00001 4.88983e-05 4.48345e-05 4.68779e-10  1.9904e-11 9.90056e-06 2.43309e-09 0.000900562 0.000296078
8.98246e-11 2.14219e-05 4.20703e-10 2.02551e-09 2.34395e-05 4.72788e-05 3.14691e-11 2.29344e-11 1.28296e-10 4.88983e-05      1.0003 0.000271279 2.83643e-09 1.20433e-10  5.9905e-05 1.47218e-08    0.005449  0.00179147
8.23595e-11 1.96416e-05  3.8574e-10 1.85717e-09 2.14916e-05 4.33496e-05 2.88538e-11  2.1029e-11 1.17634e-10 4.48345e-05 0.000271279     1.00025  2.6007e-09 1.10424e-10 5.49265e-05 1.34984e-08  0.00499616  0.00164259
1.40076e-15 2.05368e-10 4.31475e-15 1.95379e-14 2.24711e-10 4.53254e-10 1.46112e-15 3.62688e-16 1.22678e-15 4.68779e-10 2.83643e-09  2.6007e-09           1 1.05733e-15   5.743e-10 9.31968e-13 5.22387e-08 1.71745e-08
3.38342e-15 8.71602e-12 3.62749e-16 7.37647e-16 9.53683e-12 1.92366e-11 8.33489e-17 1.00565e-16 4.31776e-16 1.98955e-11 1.20381e-10 1.10376e-10 1.05685e-15           1 2.43738e-11 6.16585e-15 2.21706e-09   7.289e-10
 1.8187e-11 4.33735e-06 8.51812e-11 4.10109e-10 4.74587e-06 9.57266e-06 6.37164e-12 4.64388e-12 2.59765e-11 9.90056e-06  5.9905e-05 5.49265e-05   5.743e-10 2.43842e-11     1.00001 2.98077e-09  0.00110327 0.000362723
 4.5842e-15 1.06592e-09 2.10419e-14 1.00753e-13 1.16631e-09 2.35251e-09 3.15196e-15 1.15621e-15 6.25894e-15 2.43309e-09 1.47218e-08 1.34984e-08 6.61467e-13 6.16874e-15 2.98077e-09           1 2.71133e-07 8.91404e-08
1.65431e-09 0.000394528 7.74811e-09 3.73038e-08 0.000431687 0.000870736 5.79569e-10 4.22402e-10 2.36284e-09 0.000900562    0.005449  0.00499616 5.22387e-08 2.21801e-09  0.00110327 2.71133e-07     1.10035   0.0329936
5.43882e-10 0.000129709 2.54735e-09 1.22644e-08 0.000141926 0.000286272 1.90544e-10 1.38873e-10 7.76829e-10 0.000296078  0.00179147  0.00164259 1.71745e-08 7.29213e-10 0.000362723 8.91404e-08   0.0329936     1.01085
Overlap Matrix (abs) of the orthonormalized projected bands for spin 1
 at k-point    0 0.05    0
maxDeviation is: 0.245469
          1 1.81692e-11  3.0313e-16 1.46314e-15 2.11913e-11 4.27546e-11 2.83073e-16 1.66228e-16 2.08511e-15 4.11949e-11 2.66675e-10 2.36693e-10 2.71163e-15 7.16187e-15 1.02772e-10 1.24087e-14 4.92122e-09 1.51193e-09
1.81693e-11           1 4.66684e-11 2.46642e-10 3.90249e-06 7.87348e-06 2.84459e-11 7.87088e-12 4.46682e-11  7.5863e-06   4.911e-05 4.35885e-05 4.54067e-10 3.75647e-11  1.8926e-05 2.27501e-09 0.000906274 0.000278431
3.03131e-16 4.66684e-11           1  3.3606e-15 5.44299e-11 1.09815e-10 1.39144e-15 8.18027e-16 7.61442e-16  1.0581e-10 6.84964e-10 6.07954e-10 6.82753e-15 8.18106e-16 2.63972e-10 3.19615e-14 1.26403e-08 3.88344e-09
1.46314e-15 2.46642e-10 3.36951e-15           1 2.87665e-10 5.80378e-10 2.33901e-15 1.08557e-15 3.92864e-15 5.59209e-10 3.62004e-09 3.21304e-09 3.34477e-14 2.95965e-15  1.3951e-09 1.67698e-13 6.68042e-08  2.0524e-08
2.11914e-11 3.90249e-06 5.44299e-11 2.87665e-10           1 9.18303e-06 3.31768e-11 9.18094e-12 5.20971e-11 8.84809e-06 5.72782e-05 5.08384e-05  5.2959e-10 4.38127e-11 2.20739e-05  2.6534e-09  0.00105701 0.000324741
4.27548e-11 7.87348e-06 1.09815e-10 5.80378e-10 9.18303e-06     1.00002 6.69354e-11 1.85237e-11 1.05108e-10 1.78515e-05 0.000115562 0.000102569 1.06847e-09 8.83941e-11 4.45352e-05 5.35338e-09  0.00213257 0.000655182
2.83082e-16 2.84459e-11 1.34439e-15 2.32038e-15 3.31768e-11 6.69354e-11           1  7.5733e-16 4.79473e-16 6.44928e-11 4.17497e-10 3.70559e-10 1.63363e-15 1.10342e-16 1.60896e-10 1.68083e-14 7.70448e-09 2.36702e-09
1.66224e-16 7.87088e-12 7.85028e-16 1.15174e-15 9.18094e-12 1.85237e-11 7.55635e-16           1 1.08869e-16 1.78467e-11  1.1553e-10 1.02541e-10 7.43077e-16 1.00161e-16 4.45234e-11 5.05095e-15   2.132e-09 6.55007e-10
1.75877e-15 4.46682e-11 7.61446e-16 3.92865e-15 5.20971e-11 1.05108e-10 4.79474e-16 1.08869e-16           1 1.01276e-10 6.55607e-10 5.81896e-10 5.28259e-15 1.21369e-15 2.52659e-10 3.01634e-14 1.20985e-08   3.717e-09
4.11951e-11  7.5863e-06  1.0581e-10 5.59209e-10 8.84809e-06 1.78515e-05 6.44928e-11 1.78467e-11 1.01276e-10     1.00002 0.000111347  9.8828e-05  1.0295e-09   8.517e-11 4.29109e-05 5.15812e-09  0.00205479 0.000631285
2.66676e-10   4.911e-05 6.84964e-10 3.62004e-09 5.72782e-05 0.000115562 4.17497e-10  1.1553e-10 6.55607e-10 0.000111347     1.00072 0.000639763  6.6645e-09 5.51348e-10 0.000277784 3.33911e-08   0.0133017  0.00408663
2.36694e-10 4.35885e-05 6.07954e-10 3.21304e-09 5.08384e-05 0.000102569 3.70559e-10 1.02541e-10 5.81896e-10  9.8828e-05 0.000639763     1.00057 5.91521e-09 4.89362e-10 0.000246553  2.9637e-08   0.0118062  0.00362717
2.71168e-15 4.54067e-10 5.89122e-15 3.33774e-14  5.2959e-10 1.06847e-09 5.95802e-15 7.00625e-16  5.2826e-15  1.0295e-09  6.6645e-09 5.91521e-09           1 5.13781e-15 2.56837e-09 1.08598e-12 1.22986e-07 3.77847e-08
7.06413e-15 3.75688e-11 8.17982e-16 2.95994e-15 4.38175e-11 8.84038e-11 1.10344e-16 1.00097e-16 1.14281e-15 8.51793e-11 5.51409e-10 4.89415e-10 5.13837e-15           1 2.12503e-10 2.57759e-14 1.01757e-08 3.12624e-09
1.02772e-10  1.8926e-05 2.63972e-10  1.3951e-09 2.20739e-05 4.45352e-05 1.60896e-10 4.45234e-11 2.52659e-10 4.29109e-05 0.000277784 0.000246553 2.56837e-09 2.12479e-10     1.00011 1.28683e-08  0.00512621  0.00157491
1.24088e-14 2.27501e-09  3.1455e-14 1.67729e-13  2.6534e-09 5.35338e-09 2.34106e-14 4.98695e-15 3.01634e-14 5.15812e-09 3.33911e-08  2.9637e-08 4.80532e-13 2.57727e-14 1.28683e-08           1 6.16199e-07 1.89313e-07
4.92124e-09 0.000906274 1.26403e-08 6.68042e-08  0.00105701  0.00213257 7.70448e-09   2.132e-09 1.20985e-08  0.00205479   0.0133017   0.0118062 1.22986e-07 1.01746e-08  0.00512621 6.16199e-07     1.24547   0.0754145
1.51194e-09 0.000278431 3.88344e-09  2.0524e-08 0.000324741 0.000655182 2.36702e-09 6.55007e-10   3.717e-09 0.000631285  0.00408663  0.00362717 3.77847e-08  3.1259e-09  0.00157491 1.89313e-07   0.0754145     1.02317
Overlap Matrix (abs) of the orthonormalized projected bands for spin 1
 at k-point     0 0.075     0
maxDeviation is: 0.000837782
          1 1.80434e-12  7.6751e-17 1.59138e-16 2.36583e-12 4.77075e-12 6.45159e-16 7.08924e-17 7.29203e-16 4.03917e-12 2.95962e-11 2.51658e-11 1.41859e-16 9.79039e-15 1.58415e-11 1.19404e-15 5.47911e-10 1.49098e-10
1.80442e-12           1  2.4804e-12 4.36096e-12 4.37869e-08 8.82677e-08 3.56242e-12 6.55385e-13 1.50788e-12 7.47311e-08 5.47605e-07 4.65632e-07 4.55026e-12 3.23646e-12 2.93104e-07 2.06261e-11 1.01378e-05 2.75868e-06
7.67548e-17  2.4804e-12           1 2.74947e-16 3.25177e-12 6.55982e-12 4.74489e-16 3.50673e-16 5.45114e-17 5.55404e-12 4.06925e-11 3.46013e-11  2.9024e-15 9.95983e-17 2.17805e-11 2.02433e-15 7.53334e-10 2.04998e-10
1.59146e-16 4.36096e-12 2.85556e-16           1 5.71791e-12 1.15298e-11 1.89547e-16 8.25883e-16 2.41777e-16 9.76184e-12 7.15287e-11  6.0822e-11 1.24285e-15 3.39938e-16 3.82856e-11 2.86261e-15  1.3242e-09 3.60342e-10
2.36595e-12 4.37869e-08 3.25177e-12 5.71791e-12           1  1.1578e-07 4.67083e-12 8.60299e-13 1.97719e-12 9.80243e-08  7.1829e-07 6.10766e-07 5.96862e-12  4.2435e-12 3.84462e-07 2.70562e-11 1.32976e-05 3.61854e-06
4.77098e-12 8.82677e-08 6.55982e-12 1.15298e-11  1.1578e-07           1 9.41796e-12 1.73457e-12 3.98702e-12 1.97602e-07 1.44797e-06 1.23121e-06 1.20324e-11 8.55741e-12 7.75018e-07 5.45387e-11  2.6806e-05 7.29443e-06
6.45165e-16 3.56242e-12 2.92145e-16 2.13377e-16 4.67083e-12 9.41796e-12           1 2.93623e-16 4.36531e-16 7.97487e-12 5.84323e-11 4.96857e-11 3.76516e-15 1.66209e-16  3.1276e-11 3.91109e-15 1.08175e-09 2.94367e-10
7.08969e-17 6.55385e-13 3.31927e-16 5.88175e-16 8.60299e-13 1.73457e-12 2.92863e-16           1 1.00366e-16 1.46863e-12  1.0763e-11 9.15156e-12 2.79111e-16 6.79157e-17 5.76067e-12 7.72824e-16 1.99245e-10 5.42186e-11
4.56985e-15 1.50788e-12 5.44913e-17 2.41771e-16 1.97719e-12 3.98703e-12 4.36531e-16 1.00366e-16           1 3.37545e-12  2.4734e-11 2.10314e-11 2.52784e-16 8.96656e-16 1.32387e-11 9.33207e-16 4.57897e-10 1.24603e-10
4.03936e-12 7.47311e-08 5.55404e-12 9.76184e-12 9.80243e-08 1.97602e-07 7.97487e-12 1.46863e-12 3.37544e-12           1 1.22591e-06  1.0424e-06 1.01868e-11   7.245e-12 6.56163e-07 4.61747e-11 2.26951e-05 6.17576e-06
2.95976e-11 5.47605e-07 4.06925e-11 7.15287e-11  7.1829e-07 1.44797e-06 5.84323e-11  1.0763e-11 2.47339e-11 1.22591e-06    0.999991 7.63834e-06 7.46454e-11  5.3087e-11 4.80815e-06 3.38356e-10 0.000166302  4.5254e-05
 2.5167e-11 4.65632e-07 3.46013e-11  6.0822e-11 6.10766e-07 1.23121e-06 4.96857e-11 9.15156e-12 2.10313e-11  1.0424e-06 7.63834e-06    0.999994 6.34711e-11 4.51402e-11 4.08839e-06 2.87706e-10 0.000141408 3.84797e-05
1.41878e-16 4.55026e-12 1.82205e-15 6.50618e-16 5.96862e-12 1.20324e-11 3.33406e-15 2.47576e-16 2.52799e-16 1.01868e-11 7.46454e-11 6.34711e-11           1 5.59242e-16 3.99539e-11 7.51704e-13  1.3819e-09 3.76042e-10
1.11686e-14 3.23748e-12 9.93769e-17 3.39863e-16 4.24483e-12 8.56011e-12 1.66185e-16 6.79566e-17  1.0071e-15 7.24728e-12 5.31037e-11 4.51544e-11  5.5945e-16           1 2.84237e-11 2.30913e-15 9.83104e-10 2.67523e-10
1.58422e-11 2.93104e-07 2.17805e-11 3.82856e-11 3.84462e-07 7.75018e-07  3.1276e-11 5.76067e-12 1.32386e-11 6.56163e-07 4.80815e-06 4.08839e-06 3.99539e-11 2.84148e-11    0.999997 1.81103e-10 8.90127e-05  2.4222e-05
1.19413e-15 2.06261e-11 2.32679e-15 2.50022e-15 2.70562e-11 5.45387e-11 6.93892e-15 7.28748e-16 9.33223e-16 4.61747e-11 3.38356e-10 2.87706e-10 7.69817e-13 2.30902e-15 1.81103e-10           1 6.26393e-09 1.70454e-09
5.47937e-10 1.01378e-05 7.53334e-10  1.3242e-09 1.32976e-05  2.6806e-05 1.08175e-09 1.99245e-10 4.57896e-10 2.26951e-05 0.000166302 0.000141408  1.3819e-09 9.82794e-10 8.90127e-05 6.26393e-09    0.996921 0.000837782
1.49105e-10 2.75868e-06 2.04998e-10 3.60342e-10 3.61854e-06 7.29443e-06 2.94367e-10 5.42186e-11 1.24602e-10 6.17576e-06  4.5254e-05 3.84797e-05 3.76042e-10 2.67438e-10  2.4222e-05 1.70454e-09 0.000837782    0.999772
Overlap Matrix (abs) of the orthonormalized projected bands for spin 1
 at k-point   0 0.1   0
maxDeviation is: 0.00730466
          1 3.16191e-12 1.15686e-16 3.95841e-16 5.00284e-12 1.00636e-11 1.02631e-17  3.2101e-16 2.64212e-15 6.91969e-12 6.19734e-11 5.04172e-11 7.06129e-16 1.37741e-14 3.99502e-11 2.06571e-15 1.15226e-09 2.60093e-10
3.16199e-12           1 9.23399e-12 1.65171e-11 3.85561e-07  7.7557e-07 1.91384e-12 2.31086e-12 4.33443e-12 5.33287e-07 4.77609e-06  3.8855e-06 4.72422e-11 1.38191e-12 3.07882e-06 1.64736e-10 8.88008e-05 2.00445e-05
1.15693e-16 9.23399e-12           1 1.28788e-15   1.461e-11 2.93887e-11 3.89895e-16 4.78586e-16 5.32524e-16 2.02078e-11  1.8098e-10 1.47232e-10 3.09762e-15 5.35121e-16 1.16665e-10 6.34738e-15 3.36492e-09 7.59544e-10
 3.9585e-16 1.65171e-11 1.28871e-15           1 2.61335e-11 5.25693e-11 5.78701e-16 1.11099e-15 4.95845e-16 3.61473e-11 3.23732e-10 2.63365e-10 3.49954e-15 1.09667e-16 2.08687e-10 1.11341e-14 6.01907e-09 1.35865e-09
5.00297e-12 3.85561e-07   1.461e-11 2.61335e-11    0.999999 1.22716e-06 3.02801e-12 3.65642e-12   6.858e-12 8.43803e-07 7.55707e-06  6.1479e-06 7.47497e-11  2.1862e-12 4.87152e-06 2.60657e-10 0.000140507 3.17158e-05
1.00639e-11  7.7557e-07 2.93887e-11 5.25693e-11 1.22716e-06    0.999998 6.09151e-12 7.35469e-12 1.37944e-11 1.69734e-06 1.52013e-05 1.23667e-05 1.50362e-10 4.39807e-12 9.79925e-06 5.24322e-10 0.000282635 6.37976e-05
1.02761e-17 1.91384e-12 5.59182e-16 5.79912e-16 3.02801e-12 6.09151e-12           1 1.77557e-15 8.75103e-17 4.18749e-12 3.75141e-11 3.05186e-11 5.06196e-15 7.04129e-17 2.41825e-11 6.79875e-15 6.97492e-10 1.57441e-10
3.21005e-16 2.31086e-12 4.77441e-16  8.6508e-16 3.65642e-12 7.35469e-12 1.77585e-15           1  1.0963e-16 5.05581e-12 4.52927e-11  3.6847e-11 7.70356e-16 7.57683e-17 2.91969e-11 1.81378e-15 8.42113e-10 1.90085e-10
1.26899e-15 4.33444e-12 5.32471e-16 4.95848e-16 6.85801e-12 1.37945e-11 8.75109e-17  1.0963e-16           1 9.48528e-12 8.49482e-11 6.91078e-11 9.24144e-16 3.90078e-16 5.47609e-11 2.80679e-15 1.57943e-09 3.56516e-10
6.91986e-12 5.33287e-07 2.02078e-11 3.61473e-11 8.43803e-07 1.69734e-06 4.18749e-12 5.05581e-12 9.48527e-12    0.999999 1.04525e-05 8.50344e-06  1.0339e-10 3.02407e-12 6.73802e-06 3.60527e-10 0.000194341 4.38676e-05
 6.1975e-11 4.77609e-06  1.8098e-10 3.23732e-10 7.55707e-06 1.52013e-05 3.75141e-11 4.52927e-11 8.49481e-11 1.04525e-05    0.999906 7.61565e-05 9.25958e-10 2.70836e-11 6.03454e-05 3.22886e-09  0.00174051 0.000392877
5.04184e-11  3.8855e-06 1.47232e-10 2.63365e-10  6.1479e-06 1.23667e-05 3.05186e-11  3.6847e-11 6.91078e-11 8.50344e-06 7.61565e-05    0.999938 7.53295e-10 2.20328e-11 4.90928e-05 2.62678e-09  0.00141596 0.000319617
7.06201e-16 4.72422e-11 3.82191e-15 3.46503e-15 7.47497e-11 1.50362e-10 4.03364e-15 7.53416e-16 9.24158e-16  1.0339e-10 9.25958e-10 7.53295e-10           1 1.43301e-16 5.96901e-10 6.92289e-13 1.72161e-08  3.8861e-09
1.34565e-14 1.38518e-12 5.34672e-16 1.10126e-16 2.19138e-12 4.40849e-12 7.04355e-17 7.56978e-17 5.51109e-16 3.03123e-12 2.71477e-11 2.20849e-11 1.43863e-16           1    1.75e-11 1.53403e-15 5.04743e-10 1.13933e-10
3.99511e-11 3.07882e-06 1.16665e-10 2.08687e-10 4.87152e-06 9.79925e-06 2.41825e-11 2.91969e-11 5.47609e-11 6.73802e-06 6.03454e-05 4.90928e-05 5.96901e-10 1.74587e-11    0.999961 2.08142e-09  0.00112199  0.00025326
2.06579e-15 1.64736e-10 6.71227e-15 1.10618e-14 2.60657e-10 5.24322e-10 6.76001e-15  1.7912e-15 2.80682e-15 3.60527e-10 3.22886e-09 2.62678e-09 7.69331e-13 1.53139e-15 2.08142e-09           1 6.00335e-08  1.3551e-08
1.15229e-09 8.88008e-05 3.36492e-09 6.01907e-09 0.000140507 0.000282635 6.97492e-10 8.42113e-10 1.57943e-09 0.000194341  0.00174051  0.00141596 1.72161e-08 5.03551e-10  0.00112199 6.00335e-08    0.967639  0.00730466
2.60099e-10 2.00445e-05 7.59544e-10 1.35865e-09 3.17158e-05 6.37976e-05 1.57441e-10 1.90085e-10 3.56515e-10 4.38676e-05 0.000392877 0.000319617  3.8861e-09 1.13664e-10  0.00025326  1.3551e-08  0.00730466    0.998351
Overlap Matrix (abs) of the orthonormalized projected bands for spin 1
 at k-point     0 0.125     0
maxDeviation is: 0.0052474
          1 5.68613e-12 2.81701e-16 7.18034e-16 1.18765e-11 2.37465e-11 6.05393e-17 9.68299e-17 2.30131e-15 1.19355e-11 1.44972e-10 1.13264e-10 1.43408e-15 1.61785e-14 1.03202e-10 4.23564e-15 2.71029e-09 4.77209e-10
5.68617e-12           1 8.63465e-12  1.0513e-11 2.74024e-07 5.47806e-07 7.45347e-13 3.20963e-12 1.70003e-11  2.7534e-07 3.34432e-06 2.61288e-06 3.16196e-11 6.69085e-12 2.38074e-06 9.59691e-11 6.25231e-05 1.10087e-05
2.81704e-16 8.63465e-12           1 2.61655e-15 1.80391e-11 3.60621e-11 5.12004e-16 1.10862e-16 1.22422e-15  1.8126e-11  2.2016e-10 1.72008e-10 3.42303e-15 9.38742e-16 1.56726e-10 6.70041e-15 4.11595e-09 7.24709e-10
7.18043e-16  1.0513e-11 2.61727e-15           1 2.19628e-11 4.39058e-11 2.16874e-16 3.77996e-16 1.83025e-15 2.20679e-11 2.68039e-10 2.09416e-10 2.37056e-15 1.00722e-15  1.9081e-10 7.65193e-15 5.01107e-09 8.82314e-10
1.18766e-11 2.74024e-07 1.80391e-11 2.19628e-11    0.999999 1.14442e-06 1.55672e-12 6.70431e-12 3.55098e-11 5.75211e-07 6.98661e-06 5.45855e-06 6.60561e-11 1.39734e-11  4.9736e-06 2.00488e-10 0.000130617 2.29981e-05
2.37467e-11 5.47806e-07 3.60621e-11 4.39058e-11 1.14442e-06    0.999998 3.11261e-12 1.34046e-11 7.09963e-11 1.14991e-06  1.3967e-05 1.09123e-05 1.32053e-10  2.7939e-11 9.94281e-06 4.00799e-10 0.000261118 4.59759e-05
6.05265e-17 7.45347e-13 6.91442e-16 2.16035e-16 1.55672e-12 3.11261e-12           1 2.37012e-16 1.89298e-16 1.56445e-12 1.90032e-11 1.48474e-11 6.45247e-15 2.54922e-17 1.35286e-11 8.86263e-15 3.55272e-10 6.25538e-11
9.68353e-17 3.20963e-12 1.11637e-16  1.8377e-16 6.70431e-12 1.34046e-11 2.36782e-16           1 2.01212e-16 6.73788e-12 8.18347e-11 6.39364e-11 1.15357e-15 2.14903e-16 5.82564e-11 2.54063e-15 1.52992e-09 2.69379e-10
1.66462e-15 1.70003e-11 1.22418e-15 1.83022e-15 3.55098e-11 7.09963e-11 1.89297e-16 2.01212e-16           1 3.56845e-11 4.33431e-10 3.38634e-10  3.9218e-15  7.7371e-16 3.08549e-10 1.23347e-14 8.10312e-09 1.42674e-09
1.19356e-11  2.7534e-07  1.8126e-11 2.20679e-11 5.75211e-07 1.14991e-06 1.56445e-12 6.73788e-12 3.56845e-11    0.999999 7.02016e-06 5.48476e-06 6.63733e-11 1.40428e-11 4.99748e-06 2.01451e-10 0.000131244 2.31085e-05
1.44973e-10 3.34432e-06  2.2016e-10 2.68039e-10 6.98661e-06  1.3967e-05 1.90032e-11 8.18347e-11 4.33431e-10 7.02016e-06    0.999915 6.66188e-05  8.0618e-10 1.70568e-10 6.07003e-05 2.44686e-09  0.00159411  0.00028068
1.13265e-10 2.61288e-06 1.72008e-10 2.09416e-10 5.45855e-06 1.09123e-05 1.48474e-11 6.39364e-11 3.38634e-10 5.48476e-06 6.66188e-05    0.999948 6.29859e-10 1.33262e-10 4.74244e-05  1.9117e-09  0.00124546 0.000219292
1.43419e-15 3.16196e-11 5.15255e-15 2.33579e-15 6.60561e-11 1.32053e-10 4.33771e-15 1.14711e-15  3.9218e-15 6.63733e-11  8.0618e-10 6.29859e-10           1 1.58503e-15 5.73901e-10 6.64327e-13 1.50718e-08 2.65374e-09
 1.6733e-14 6.69341e-12 9.39025e-16 1.00774e-15 1.39787e-11 2.79497e-11 2.54477e-17 2.14786e-16 9.79334e-16 1.40482e-11 1.70634e-10 1.33313e-10 1.58563e-15           1  1.2147e-10 5.29117e-15 3.19004e-09  5.6168e-10
1.03203e-10 2.38074e-06 1.56726e-10  1.9081e-10  4.9736e-06 9.94281e-06 1.35286e-11 5.82564e-11 3.08549e-10 4.99748e-06 6.07003e-05 4.74244e-05 5.73901e-10 1.21423e-10    0.999957 1.74186e-09  0.00113481  0.00019981
4.23573e-15 9.59691e-11 6.69476e-15 7.58784e-15 2.00488e-10 4.00799e-10 6.94506e-15 2.52721e-15 1.23347e-14 2.01451e-10 2.44686e-09  1.9117e-09 7.22687e-13 5.28907e-15 1.74186e-09           1 4.57447e-08 8.05442e-09
2.71031e-09 6.25231e-05 4.11595e-09 5.01107e-09 0.000130617 0.000261118 3.55272e-10 1.52992e-09 8.10312e-09 0.000131244  0.00159411  0.00124546 1.50718e-08 3.18882e-09  0.00113481 4.57447e-08    0.970198   0.0052474
4.77212e-10 1.10087e-05 7.24709e-10 8.82314e-10 2.29981e-05 4.59759e-05 6.25538e-11 2.69379e-10 1.42674e-09 2.31085e-05  0.00028068 0.000219292 2.65374e-09 5.61465e-10  0.00019981 8.05442e-09   0.0052474    0.999076
Overlap Matrix (abs) of the orthonormalized projected bands for spin 1
 at k-point    0 0.15    0
maxDeviation is: 0.000174866
          1 8.55631e-13  2.3307e-16 1.01194e-16 2.47547e-12 4.90067e-12 5.68969e-16 1.71015e-16 1.94373e-15 1.66454e-12 2.96737e-11 2.23819e-11 4.15291e-16 1.91747e-14 2.22586e-11 7.30034e-16 5.58373e-10 8.03374e-11
8.55568e-13           1 5.63611e-14 6.85296e-12 8.25579e-09 1.63444e-08  3.0509e-13  1.8179e-13 7.62551e-13 5.54896e-09 9.89568e-08 7.46404e-08  1.1076e-12 3.87783e-13 7.42294e-08 2.33691e-12  1.8621e-06 2.67915e-07
2.33068e-16 5.63611e-14           1 1.50664e-15 1.60759e-13 3.18239e-13 4.49897e-16  2.8568e-16 7.78808e-16 1.08263e-13 1.92733e-12 1.45372e-12 3.82341e-15 6.45337e-16 1.44562e-12 2.27355e-15 3.62658e-11 5.21779e-12
1.01189e-16 6.85296e-12 1.50685e-15           1  1.9831e-11 3.92605e-11 3.95843e-16 7.61968e-16 4.40316e-16 1.33287e-11 2.37702e-10 1.79291e-10 2.41439e-15 1.54446e-16 1.78302e-10 5.64302e-15 4.47286e-09 6.43542e-10
2.47529e-12 8.25579e-09 1.60759e-13  1.9831e-11           1 4.72971e-08 8.81664e-13 5.25958e-13 2.20793e-12 1.60575e-08  2.8636e-07 2.15993e-07 3.20578e-12 1.12299e-12 2.14804e-07 6.76261e-12  5.3885e-06 7.75288e-07
4.90031e-12 1.63444e-08 3.18239e-13 3.92605e-11 4.72971e-08           1 1.74644e-12 1.04075e-12 4.37137e-12 3.17898e-08 5.66919e-07 4.27612e-07 6.34669e-12 2.22322e-12 4.25257e-07  1.3388e-11 1.06679e-05 1.53487e-06
5.68982e-16  3.0509e-13  4.0514e-16  3.9526e-16 8.81664e-13 1.74644e-12           1 3.05477e-16 1.28893e-16 5.92273e-13 1.05691e-11 7.97214e-12 7.47364e-15 1.99126e-16 7.92767e-12 9.19546e-15 1.98881e-10 2.86143e-11
1.71021e-16  1.8179e-13 2.85044e-16 5.50355e-16 5.25958e-13 1.04075e-12  3.0516e-16           1   3.449e-17 3.53597e-13 6.29598e-12 4.74897e-12 3.29757e-16 6.83909e-17 4.72261e-12 1.14744e-16 1.18472e-10 1.70453e-11
2.07047e-15 7.62545e-13  7.7879e-16 4.40333e-16 2.20791e-12 4.37134e-12 1.28893e-16   3.449e-17           1 1.48377e-12 2.64642e-11 1.99611e-11 8.04502e-16 4.90872e-16 1.98519e-11 2.96052e-16 4.97988e-10  7.1649e-11
1.66441e-12 5.54896e-09 1.08263e-13 1.33287e-11 1.60575e-08 3.17898e-08 5.92273e-13 3.53597e-13 1.48378e-12           1 1.92471e-07 1.45175e-07  2.1548e-12  7.5486e-13 1.44376e-07 4.54541e-12 3.62177e-06 5.21094e-07
2.96715e-11 9.89568e-08 1.92733e-12 2.37702e-10  2.8636e-07 5.66919e-07 1.05691e-11 6.29598e-12 2.64644e-11 1.92471e-07    0.999997 2.58897e-06 3.84264e-11 1.34601e-11 2.57471e-06 8.10597e-11 6.45885e-05 9.29287e-06
2.23802e-11 7.46404e-08 1.45372e-12 1.79291e-10 2.15993e-07 4.27612e-07 7.97214e-12 4.74897e-12 1.99613e-11 1.45175e-07 2.58897e-06    0.999998 2.89841e-11 1.01531e-11 1.94203e-06 6.11412e-11 4.87173e-05 7.00936e-06
4.15213e-16  1.1076e-12 4.65852e-15 2.43582e-15 3.20578e-12 6.34669e-12  4.7055e-15 3.17842e-16 8.04537e-16  2.1548e-12 3.84264e-11 2.89841e-11           1 1.75103e-16 2.88243e-11 6.42522e-13 7.23077e-10 1.04035e-10
1.87102e-14 3.89573e-13 6.45385e-16 1.54854e-16 1.12817e-12 2.23349e-12 1.99118e-16 6.82566e-17 3.06249e-16 7.58346e-13 1.35222e-11    1.02e-11 1.75314e-16           1 1.01437e-11 4.08215e-16 2.54465e-10 3.66118e-11
2.22569e-11 7.42293e-08 1.44562e-12 1.78302e-10 2.14804e-07 4.25257e-07 7.92767e-12 4.72261e-12  1.9852e-11 1.44376e-07 2.57471e-06 1.94203e-06 2.88243e-11  1.0097e-11    0.999998 6.08044e-11  4.8449e-05 6.97076e-06
7.30019e-16 2.33691e-12  2.9609e-15 5.67613e-15 6.76262e-12  1.3388e-11  8.8028e-15 9.56277e-17  2.9608e-16 4.54541e-12 8.10597e-11 6.11412e-11 6.57647e-13 4.07855e-16 6.08044e-11           1 1.52532e-09 2.19461e-10
5.58332e-10  1.8621e-06 3.62658e-11 4.47286e-09  5.3885e-06 1.06679e-05 1.98881e-10 1.18472e-10 4.97992e-10 3.62177e-06 6.45885e-05 4.87173e-05 7.23077e-10 2.53295e-10  4.8449e-05 1.52532e-09    0.998785 0.000174866
8.03315e-11 2.67915e-07 5.21778e-12 6.43542e-10 7.75288e-07 1.53487e-06 2.86143e-11 1.70453e-11 7.16495e-11 5.21094e-07 9.29287e-06 7.00936e-06 1.04035e-10 3.64434e-11 6.97076e-06 2.19461e-10 0.000174866    0.999975
Overlap Matrix (abs) of the orthonormalized projected bands for spin 1
 at k-point     0 -0.15     0
maxDeviation is: 0.000213164
          1 7.98254e-13 1.01265e-16 1.66189e-16 2.31014e-12 4.57348e-12 2.83375e-16 3.16917e-16 1.40817e-15 1.55272e-12 2.76901e-11 2.08858e-11 2.64637e-16 1.89095e-14 2.07706e-11 5.60145e-16 5.21045e-10 7.49668e-11
7.98301e-13           1 4.99134e-13 6.50565e-12 1.00631e-08 1.99219e-08 1.42311e-13 1.39572e-13 4.14977e-13  6.7636e-09 1.20618e-07 9.09779e-08 1.20846e-12 1.93512e-13 9.04759e-08 2.76727e-12 2.26967e-06 3.26555e-07
 1.0127e-16 4.99134e-13           1 1.17468e-15 1.44446e-12 2.85983e-12 3.44628e-16 1.98381e-16  9.2902e-16 9.70495e-13 1.73154e-11 1.30604e-11 4.45606e-15 6.21414e-16 1.29884e-11 2.45487e-15 3.25823e-10 4.68787e-11
1.66196e-16 6.50565e-12 1.17479e-15           1 1.88257e-11 3.72706e-11 6.06769e-17 5.57736e-17 2.92285e-16 1.26534e-11 2.25656e-10 1.70205e-10 1.98244e-15 6.80075e-17 1.69266e-10 5.15198e-15 4.24617e-09 6.10928e-10
2.31027e-12 1.00631e-08 1.44446e-12 1.88257e-11           1 5.76579e-08 4.12245e-13  4.0518e-13 1.19916e-12 1.95752e-08  3.4909e-07 2.63307e-07 3.49685e-12 5.62575e-13 2.61854e-07 8.00895e-12 6.56886e-06 9.45113e-07
4.57375e-12 1.99219e-08 2.85983e-12 3.72706e-11 5.76579e-08           1 8.15998e-13 8.01816e-13 2.37427e-12 3.87528e-08 6.91092e-07 5.21268e-07 6.92229e-12 1.11381e-12 5.18391e-07 1.58556e-11 1.30043e-05 1.87103e-06
2.83367e-16 1.42311e-13 5.18127e-16 6.08117e-17 4.12245e-13 8.15998e-13           1 4.80465e-16 1.19302e-16 2.76804e-13 4.93633e-12 3.72333e-12 6.69697e-15 1.02663e-16 3.70303e-12 9.27419e-15  9.2889e-11 1.33647e-11
3.16924e-16 1.39572e-13 1.97849e-16 2.65024e-16  4.0518e-13 8.01816e-13 4.80119e-16           1 8.04912e-17 2.72036e-13 4.85452e-12 3.66158e-12 2.69158e-16 5.83011e-17 3.64154e-12 1.52744e-16 9.13496e-11 1.31431e-11
2.63229e-15 4.14976e-13 9.29019e-16   2.923e-16 1.19915e-12 2.37426e-12 1.19303e-16 8.04913e-17           1 8.06046e-13 1.43748e-11 1.08423e-11 2.54812e-16  5.1577e-16 1.07824e-11 8.11012e-16 2.70486e-10 3.89169e-11
1.55281e-12  6.7636e-09 9.70495e-13 1.26534e-11 1.95752e-08 3.87528e-08 2.76804e-13 2.72036e-13 8.06049e-13           1 2.34629e-07 1.76973e-07 2.35019e-12 3.78162e-13 1.75997e-07 5.38307e-12 4.41504e-06 6.35226e-07
2.76917e-11 1.20618e-07 1.73154e-11 2.25656e-10  3.4909e-07 6.91092e-07 4.93633e-12 4.85452e-12 1.43749e-11 2.34629e-07    0.999996 3.15602e-06  4.1913e-11 6.74328e-12 3.13861e-06 9.59966e-11 7.87349e-05 1.13282e-05
 2.0887e-11 9.09779e-08 1.30604e-11 1.70205e-10 2.63307e-07 5.21268e-07 3.72333e-12 3.66158e-12 1.08423e-11 1.76973e-07 3.15602e-06    0.999998 3.16136e-11 5.08608e-12 2.36735e-06 7.24072e-11 5.93871e-05 8.54449e-06
2.64666e-16 1.20846e-12  4.0365e-15 1.98623e-15 3.49685e-12 6.92229e-12 5.47417e-15 2.82459e-16 2.54801e-16 2.35019e-12  4.1913e-11 3.16136e-11           1 6.92925e-17 3.14391e-11 6.42552e-13  7.8868e-10 1.13473e-10
1.89756e-14 1.93799e-13 6.21454e-16 6.81679e-17 5.63392e-13 1.11543e-12 1.02644e-16 5.82425e-17 4.96019e-16 3.78713e-13 6.75308e-12 5.09351e-12 6.95699e-17           1 5.06566e-12 2.60384e-16 1.27076e-10 1.82834e-11
2.07718e-11 9.04758e-08 1.29884e-11 1.69266e-10 2.61854e-07 5.18391e-07 3.70303e-12 3.64154e-12 1.07824e-11 1.75997e-07 3.13861e-06 2.36735e-06 3.14391e-11 5.05826e-12    0.999998 7.20074e-11 5.90594e-05 8.49734e-06
5.60177e-16 2.76727e-12  2.8305e-15 5.18309e-15 8.00895e-12 1.58556e-11  8.7338e-15 1.42745e-16  8.1098e-16 5.38307e-12 9.59966e-11 7.24072e-11 6.57357e-13 2.61106e-16 7.20074e-11           1 1.80637e-09 2.59897e-10
5.21076e-10 2.26967e-06 3.25823e-10 4.24617e-09 6.56886e-06 1.30043e-05  9.2889e-11 9.13496e-11 2.70487e-10 4.41504e-06 7.87349e-05 5.93871e-05  7.8868e-10 1.26891e-10 5.90594e-05 1.80637e-09    0.998518 0.000213164
7.49712e-11 3.26555e-07 4.68787e-11 6.10928e-10 9.45112e-07 1.87103e-06 1.33647e-11 1.31431e-11 3.89171e-11 6.35226e-07 1.13282e-05 8.54449e-06 1.13473e-10 1.82568e-11 8.49734e-06 2.59897e-10 0.000213164    0.999969
Overlap Matrix (abs) of the orthonormalized projected bands for spin 1
 at k-point      0 -0.125      0
maxDeviation is: 0.00637761
          1 1.01556e-11 5.10877e-16 1.24786e-15 2.12116e-11 4.24117e-11 1.91696e-16 2.82228e-17 1.33203e-15  2.1317e-11 2.58922e-10 2.02292e-10 2.23014e-15 1.65188e-14  1.8432e-10 7.47536e-15 4.84063e-09 8.52303e-10
1.01555e-11           1  6.6119e-12 2.89799e-11 3.32997e-07 6.65815e-07 5.17582e-12 3.51497e-12 2.73197e-11 3.34656e-07  4.0648e-06 3.17578e-06  3.7064e-11  1.3441e-11 2.89364e-06 1.16449e-10 7.59926e-05 1.33802e-05
5.10872e-16  6.6119e-12           1 2.52935e-15  1.3809e-11 2.76114e-11 2.67145e-16 6.12764e-16 2.03079e-15 1.38784e-11 1.68564e-10 1.31697e-10 3.11633e-15 1.64408e-15 1.19997e-10 4.63179e-15 3.15136e-09 5.54869e-10
1.24786e-15 2.89799e-11 2.52928e-15           1 6.05297e-11 1.21026e-10 6.22155e-16 3.13125e-16 3.70922e-15 6.08302e-11 7.38862e-10 5.77263e-10 6.93305e-15 1.86787e-15 5.25978e-10 2.11797e-14 1.38132e-08 2.43213e-09
2.12115e-11 3.32997e-07  1.3809e-11 6.05297e-11    0.999999 1.39064e-06 1.08114e-11  7.3395e-12  5.7062e-11 6.98974e-07 8.48988e-06 6.63304e-06 7.74129e-11 2.80734e-11 6.04375e-06  2.4322e-10 0.000158721 2.79464e-05
4.24115e-11 6.65815e-07 2.76114e-11 1.21026e-10 1.39064e-06    0.999997 2.16175e-11 1.46746e-11 1.14093e-10 1.39757e-06 1.69752e-05 1.32625e-05 1.54784e-10 5.61315e-11 1.20843e-05 4.86308e-10 0.000317357 5.58779e-05
1.91706e-16 5.17582e-12 1.88652e-16 6.21619e-16 1.08114e-11 2.16175e-11           1 1.12341e-15 2.55578e-16 1.08649e-11 1.31968e-10 1.03105e-10 8.75654e-15 4.32638e-17 9.39447e-11 1.22115e-14 2.46718e-09 4.34404e-10
2.82201e-17 3.51497e-12  6.1186e-16  5.4357e-16  7.3395e-12 1.46746e-11 1.12331e-15           1 3.84847e-17 7.37647e-12  8.9592e-11 6.99969e-11 4.57746e-16 3.54497e-17 6.37788e-11 2.39776e-15 1.67495e-09 2.94914e-10
2.64128e-15 2.73197e-11 2.03075e-15  3.7092e-15  5.7062e-11 1.14093e-10 2.55578e-16 3.84852e-17           1 5.73459e-11 6.96536e-10 5.44194e-10 6.64106e-15 4.68285e-16 4.95847e-10 1.97988e-14 1.30219e-08 2.29281e-09
2.13169e-11 3.34656e-07 1.38784e-11 6.08302e-11 6.98974e-07 1.39757e-06 1.08649e-11 7.37647e-12 5.73459e-11    0.999999 8.53218e-06 6.66609e-06 7.77987e-11 2.82132e-11 6.07386e-06 2.44432e-10 0.000159512 2.80857e-05
2.58921e-10  4.0648e-06 1.68564e-10 7.38862e-10 8.48988e-06 1.69752e-05 1.31968e-10  8.9592e-11 6.96536e-10 8.53218e-06    0.999896 8.09676e-05 9.44959e-10 3.42684e-10 7.37743e-05 2.96892e-09  0.00193746 0.000341134
2.02291e-10 3.17578e-06 1.31697e-10 5.77263e-10 6.63304e-06 1.32625e-05 1.03105e-10 6.99969e-11 5.44194e-10 6.66609e-06 8.09676e-05    0.999937 7.38285e-10 2.67734e-10  5.7639e-05 2.31958e-09  0.00151371 0.000266524
2.23015e-15  3.7064e-11 4.85011e-15 6.90079e-15 7.74129e-11 1.54784e-10 2.05827e-15 4.47634e-16 6.64108e-15 7.77987e-11 9.44959e-10 7.38285e-10           1 3.24376e-15 6.72694e-10 6.60127e-13 1.76663e-08 3.11055e-09
1.63975e-14 1.34392e-11 1.64376e-15 1.86746e-15 2.80696e-11 5.61238e-11 4.32427e-17 3.54888e-17 2.96056e-16 2.82093e-11 3.42637e-10 2.67697e-10 3.24332e-15           1 2.43914e-10 9.89161e-15 6.40568e-09 1.12787e-09
1.84319e-10 2.89364e-06 1.19997e-10 5.25978e-10 6.04375e-06 1.20843e-05 9.39447e-11 6.37788e-11 4.95847e-10 6.07386e-06 7.37743e-05  5.7639e-05 6.72694e-10 2.43948e-10    0.999947  2.1135e-09  0.00137923 0.000242846
7.47533e-15 1.16449e-10 6.01711e-15 2.11129e-14  2.4322e-10 4.86308e-10 3.72451e-15    2.38e-15 1.97988e-14 2.44432e-10 2.96892e-09 2.31958e-09 7.26886e-13 9.89289e-15  2.1135e-09           1 5.55048e-08 9.77288e-09
 4.8406e-09 7.59926e-05 3.15136e-09 1.38132e-08 0.000158721 0.000317357 2.46718e-09 1.67495e-09 1.30219e-08 0.000159512  0.00193746  0.00151371 1.76663e-08 6.40656e-09  0.00137923 5.55048e-08    0.963779  0.00637761
8.52298e-10 1.33802e-05 5.54869e-10 2.43213e-09 2.79464e-05 5.58779e-05 4.34404e-10 2.94914e-10 2.29281e-09 2.80857e-05 0.000341134 0.000266524 3.11055e-09 1.12802e-09 0.000242846 9.77288e-09  0.00637761    0.998877
Overlap Matrix (abs) of the orthonormalized projected bands for spin 1
 at k-point    0 -0.1    0
maxDeviation is: 0.0105731
          1 6.09068e-12  4.0829e-16 3.64559e-16  9.6368e-12 1.93852e-11  2.2527e-16 6.63142e-16 2.93574e-15 1.33293e-11 1.19377e-10 9.71173e-11  1.1803e-15 1.36092e-14 7.69544e-11 4.05969e-15 2.21956e-09 5.01009e-10
6.09069e-12           1 9.05469e-12  9.1438e-12 5.58079e-07 1.12261e-06 1.71028e-12 1.74312e-12 5.18075e-12 7.71906e-07 6.91318e-06 5.62408e-06 6.27036e-11 1.27312e-11 4.45645e-06 2.38369e-10 0.000128535 2.90136e-05
4.08293e-16 9.05469e-12           1 2.76302e-16  1.4327e-11 2.88199e-11 2.40284e-16 4.23682e-16  4.0534e-16 1.98162e-11 1.77477e-10 1.44382e-10  3.0773e-15  3.7452e-16 1.14408e-10 6.42353e-15 3.29979e-09 7.44844e-10
3.64556e-16  9.1438e-12 2.76408e-16           1 1.44696e-11 2.91043e-11 1.19307e-16 8.87638e-16 1.14352e-15 2.00121e-11  1.7923e-10 1.45809e-10  1.5654e-15 1.02633e-15 1.15537e-10 6.18841e-15 3.33238e-09 7.52203e-10
9.63681e-12 5.58079e-07  1.4327e-11 1.44696e-11    0.999999 1.77625e-06 2.70607e-12 2.75861e-12 8.19671e-12 1.22135e-06 1.09384e-05 8.89872e-06 9.92131e-11 2.01429e-11 7.05124e-06  3.7716e-10 0.000203375 4.59068e-05
1.93853e-11 1.12261e-06 2.88199e-11 2.91043e-11 1.77625e-06    0.999996  5.4432e-12 5.54933e-12 1.64892e-11 2.45682e-06 2.20032e-05 1.79003e-05 1.99573e-10 4.05194e-11  1.4184e-05  7.5868e-10 0.000409101 9.23442e-05
2.25281e-16 1.71028e-12 4.31447e-16 1.20945e-16 2.70607e-12  5.4432e-12           1 1.20311e-15 5.02681e-17 3.74265e-12 3.35196e-11 2.72693e-11 5.12106e-15 9.03786e-17  2.1608e-11 7.43481e-15 6.23225e-10 1.40677e-10
6.63139e-16 1.74312e-12 4.21871e-16 1.13491e-15 2.75861e-12 5.54933e-12 1.20276e-15           1 2.72893e-16 3.81495e-12 3.41684e-11 2.77973e-11 1.93983e-16 4.74006e-17 2.20259e-11 1.22179e-15 6.35288e-10   1.434e-10
9.91969e-16 5.18075e-12 4.05393e-16 1.14354e-15 8.19671e-12 1.64892e-11 5.02682e-17 2.72893e-16           1 1.13381e-11 1.01544e-10  8.2609e-11 1.04063e-15 3.43458e-16 6.54585e-11 3.69311e-15 1.88799e-09 4.26163e-10
1.33294e-11 7.71906e-07 1.98162e-11 2.00121e-11 1.22135e-06 2.45682e-06 3.74265e-12 3.81495e-12 1.13381e-11    0.999998 1.51294e-05 1.23082e-05 1.37226e-10 2.78613e-11  9.7529e-06 5.21669e-10 0.000281298 6.34959e-05
1.19378e-10 6.91318e-06 1.77477e-10  1.7923e-10 1.09384e-05 2.20032e-05 3.35196e-11 3.41684e-11 1.01544e-10 1.51294e-05    0.999865 0.000110232   1.229e-09 2.49524e-10 8.73468e-05 4.67205e-09   0.0025193 0.000568668
9.71174e-11 5.62408e-06 1.44382e-10 1.45809e-10 8.89872e-06 1.79003e-05 2.72693e-11 2.77973e-11 8.26091e-11 1.23082e-05 0.000110232     0.99991 9.99827e-10 2.02995e-10 7.10593e-05 3.80086e-09  0.00204953 0.000462629
1.18034e-15 6.27036e-11 3.92366e-15 1.54948e-15 9.92131e-11 1.99573e-10 3.92714e-15 1.92284e-16 1.04062e-15 1.37226e-10   1.229e-09 9.99827e-10           1 2.36519e-15 7.92251e-10 6.82822e-13 2.28505e-08 5.15791e-09
1.36239e-14 1.27314e-11 3.74912e-16  1.0265e-15 2.01433e-11   4.052e-11 9.03627e-17 4.73622e-17 4.99608e-16 2.78617e-11 2.49528e-10 2.02999e-10 2.36521e-15           1 1.60853e-10 8.98347e-15 4.63942e-09 1.04723e-09
7.69545e-11 4.45645e-06 1.14408e-10 1.15537e-10 7.05124e-06  1.4184e-05  2.1608e-11 2.20259e-11 6.54586e-11  9.7529e-06 8.73468e-05 7.10593e-05 7.92251e-10 1.60851e-10    0.999944 3.01175e-09  0.00162402 0.000366581
4.05971e-15 2.38369e-10 6.53734e-15 6.12422e-15  3.7716e-10  7.5868e-10 5.83267e-15   1.237e-15 3.69308e-15 5.21669e-10 4.67205e-09 3.80086e-09 7.79335e-13 8.98335e-15 3.01175e-09           1 8.68665e-08 1.96079e-08
2.21956e-09 0.000128535 3.29979e-09 3.33238e-09 0.000203375 0.000409101 6.23225e-10 6.35288e-10 1.88799e-09 0.000281298   0.0025193  0.00204953 2.28505e-08 4.63934e-09  0.00162402 8.68665e-08    0.953159   0.0105731
