Overlap Matrix (abs) of the orthonormalized projected bands for spin 1
 at k-point    0 0.35    0
maxDeviation is: 3.45532e-06
          1 3.36629e-15 3.45442e-16 9.36702e-17 5.21032e-14  1.5178e-13 4.21073e-16    1.47e-16 3.55316e-14 2.69755e-13 8.68921e-13 1.01463e-12 3.11938e-12 1.57832e-16 8.76469e-13 1.37072e-16 2.05645e-12 1.78297e-11
 6.5498e-15           1  5.6303e-15 4.67987e-14 1.64934e-11 4.81415e-11 7.47293e-15 2.23526e-15 1.10532e-11 3.37813e-14 2.74051e-10 3.22798e-10 1.10402e-12 2.41779e-14  2.7035e-10 2.78819e-14  6.4777e-10 5.64524e-09
3.53841e-16 5.63192e-15           1 2.03638e-16 7.80248e-14 2.25518e-13  5.0773e-14 6.50769e-16 5.28685e-14 3.18018e-16 1.29853e-12 1.51688e-12 4.02097e-15 2.28437e-12 1.30618e-12 2.16431e-12 3.07247e-12 2.66671e-11
1.05796e-16 4.67986e-14 1.88653e-16           1 7.25574e-13 2.10998e-12 4.11306e-16 1.32852e-16 4.94288e-13  2.5212e-16 1.20807e-11 1.41121e-11 3.74004e-15 5.89232e-15 1.21555e-11 2.71448e-15 2.85923e-11 2.48143e-10
1.01676e-13 1.65059e-11 7.80257e-14 7.25576e-13           1 7.45437e-10 1.08368e-13 3.18184e-14 1.74598e-10 5.22633e-13 4.26765e-09 4.98621e-09 1.70973e-11 3.70255e-13 4.29193e-09 4.31067e-13 1.00974e-08 8.76682e-08
2.96065e-13 4.79081e-11 2.25518e-13 2.10999e-12 7.45363e-10           1 3.14197e-13 9.22391e-14 5.07837e-10  1.5208e-12 1.24115e-08 1.45042e-08 4.97363e-11 1.07619e-12  1.2476e-08 1.25434e-12  2.9394e-08 2.54974e-07
 4.3883e-16 7.47269e-15 3.35428e-14  4.8891e-16  1.0837e-13 3.14185e-13           1 4.67673e-16 7.42768e-14 1.45607e-16 1.80098e-12 2.10314e-12 6.93128e-15 9.80096e-12 1.81174e-12  1.4981e-11 4.26068e-12 3.69819e-11
1.46763e-16 2.23495e-15 6.57622e-16 1.57416e-16 3.18157e-14 9.22325e-14 9.32407e-16           1 2.12761e-14 4.50471e-17 5.29506e-13 6.18502e-13 1.77469e-15 1.47648e-14 5.32592e-13 5.20787e-15 1.25295e-12 1.08739e-11
6.94408e-14  1.1361e-11 5.28721e-14 4.94289e-13 1.74632e-10 5.07719e-10 7.42643e-14 2.12789e-14           1 3.56058e-13 2.90988e-09 3.39241e-09 1.16509e-11 2.53079e-13 2.94462e-09 2.93711e-13 6.87741e-09 5.97299e-08
2.33214e-13  9.2655e-15 4.10494e-16 1.63417e-16 1.42531e-13 4.14852e-13 7.19269e-17 3.88916e-17 9.72778e-14           1 2.38142e-12 2.77005e-12 5.49148e-11 2.87775e-16 2.37911e-12 2.61375e-16 5.61519e-12  4.8771e-11
1.69346e-12  2.7523e-10 1.29852e-12 1.20808e-11 4.26835e-09 1.24148e-08 1.80102e-12 5.29553e-13 2.90689e-09 8.70746e-12           1 8.30182e-08 2.84814e-10   6.162e-12 7.15618e-08 7.18428e-12 1.67985e-07    1.46e-06
1.97776e-12 3.20283e-10 1.51691e-12 1.41121e-11 4.98558e-09 1.44976e-08  2.1032e-12  6.1854e-13 3.39948e-09 1.01719e-11 8.30312e-08           1 3.32701e-10 7.19833e-12 8.35558e-08 8.38993e-12 1.96808e-07 1.70544e-06
3.04675e-12 2.18341e-14 1.11859e-16 2.23277e-16 3.35304e-13 9.73738e-13 6.59969e-17 1.00211e-16 2.30986e-13 5.45055e-11 5.58258e-12 6.52324e-12           1 6.01585e-16 5.61865e-12 1.08296e-15 1.32105e-11 1.14707e-10
1.71288e-16 2.41323e-14 9.35242e-13 2.52652e-15 3.70121e-13  1.0768e-12 8.31903e-12 1.44581e-14 2.52885e-13 9.49646e-16 6.16244e-12 7.19721e-12 2.37389e-14           1 6.19937e-12 9.89262e-10  1.4577e-11 1.26576e-10
1.70276e-12 2.79495e-10 1.30604e-12 1.21555e-11 4.29573e-09 1.25055e-08 1.81182e-12 5.32679e-13 2.91176e-09 8.75604e-12 7.15341e-08 8.35425e-08  2.8657e-10 6.20113e-12           1   7.229e-12 1.67706e-07 1.46919e-06
2.14875e-16 2.78852e-14 1.87819e-12 1.34635e-15 4.31215e-13 1.25431e-12 1.45704e-11 7.57838e-15 2.93718e-13 1.04991e-15 7.18097e-12 8.38994e-12 2.92192e-14 1.00543e-09 7.22281e-12           1 1.69983e-11 1.47523e-10
4.00821e-12 6.52112e-10 3.07253e-12 2.85924e-11  1.0104e-08 2.93626e-08 4.26115e-12 1.25303e-12  6.8895e-09 2.06058e-11 1.68487e-07 1.96134e-07 6.74073e-10 1.45887e-11 1.70932e-07 1.69965e-11           1 3.45518e-06
3.47951e-11 5.64437e-09 2.66672e-11 2.48144e-10 8.76673e-08 2.54977e-07 3.69821e-11 1.08748e-11 5.97298e-08 1.78851e-10 1.45994e-06 1.70552e-06 5.85013e-09 1.26566e-10 1.46881e-06 1.47529e-10 3.45532e-06     0.99997
Overlap Matrix (abs) of the orthonormalized projected bands for spin 1
 at k-point   0 0.4   0
maxDeviation is: 2.44226e-05
          1 1.62986e-14 7.92508e-15 1.56105e-14 2.63007e-11 7.44939e-11 3.54663e-14 7.52014e-15 1.94401e-11 5.56111e-14 3.95194e-10 5.03195e-10   2.283e-12 8.79463e-14 4.23487e-10 2.60328e-13 1.07884e-09 8.82468e-09
1.27071e-14           1 9.14692e-16 3.07984e-16 1.04414e-13 2.95597e-13 3.77787e-16 2.70464e-16 7.61663e-14 2.37926e-13 1.56961e-12 1.99955e-12 2.68198e-12 6.21414e-16 1.68452e-12 1.04085e-15 4.28294e-12 3.50175e-11
 7.9262e-15 9.03782e-16           1 1.18705e-16 6.61772e-14 1.87791e-13 4.85351e-14 6.92116e-17 4.84112e-14 2.15645e-16 9.94143e-13 1.26693e-12 4.94923e-15  1.9148e-12 1.06546e-12 2.09378e-12 2.71498e-12 2.21912e-11
1.56108e-14 3.08224e-16 1.07319e-16           1 1.28585e-13 3.64064e-13 2.70066e-16  8.1398e-16 9.43446e-14 2.37199e-16 1.93052e-12 2.45968e-12 1.80113e-15    5.38e-15 2.06845e-12 1.45232e-15 5.27081e-12 4.30833e-11
2.63009e-11 1.34043e-13  6.6179e-14 1.28584e-13           1 6.15125e-10 2.92248e-13 6.17494e-14 1.59596e-10 4.58034e-13 3.26217e-09 4.15541e-09 1.88004e-11  7.2647e-13 3.49782e-09 2.14779e-12 8.90935e-09 7.27933e-08
7.46213e-11 3.79959e-13 1.87793e-13 3.64063e-13 6.15225e-10           1 8.28569e-13 1.75597e-13 4.52354e-10 1.29916e-12 9.25105e-09 1.17793e-08 5.33021e-11 2.05874e-12 9.92744e-09  6.0911e-12 2.52373e-08 2.06398e-07
3.54647e-14 4.36058e-16 2.99774e-14 3.65485e-16 2.92249e-13 8.28555e-13           1 4.05434e-16 2.15171e-13 6.69851e-16  4.3932e-12 5.59734e-12 2.07764e-14 7.72385e-12  4.7078e-12 1.34743e-11 1.19951e-11 9.80466e-11
7.51996e-15 2.68683e-16 7.09835e-17 8.34937e-16 6.17477e-14 1.75588e-13  3.7387e-16           1 4.54646e-14 1.88526e-16 9.31988e-13 1.18747e-12 1.55796e-15 1.54483e-14 9.98702e-13 6.00929e-15 2.54462e-12 2.08002e-11
 1.9283e-11 9.79417e-14  4.8414e-14 9.43416e-14  1.5951e-10 4.52569e-10 2.15159e-13 4.54636e-14           1 3.37327e-13 2.39468e-09 3.06173e-09 1.38166e-11 5.33832e-13 2.54572e-09 1.57988e-12 6.55452e-09 5.35297e-08
6.39212e-15 2.05605e-13  3.1251e-16 2.87277e-16 5.28023e-14 1.49743e-13 3.75926e-16 1.72422e-16 3.88468e-14           1  8.0051e-13 1.00838e-12  5.3003e-11 6.37919e-16 8.40586e-13 4.77319e-16 2.16188e-12 1.77144e-11
3.95454e-10 2.01476e-12 9.94152e-13  1.9305e-12 3.26134e-09 9.24579e-09 4.39307e-12 9.31996e-13 2.40056e-09 6.89246e-12           1 6.24803e-08 2.82622e-10 1.09154e-11 5.25004e-08 3.22966e-11 1.34124e-07 1.09427e-06
5.04065e-10 2.56786e-12 1.26699e-12 2.45967e-12 4.15607e-09 1.17869e-08 5.59757e-12 1.18755e-12 3.05273e-09 8.77153e-12 6.24793e-08           1 3.60092e-10 1.39094e-11 6.69485e-08 4.11502e-11 1.70368e-07 1.39434e-06
 7.8375e-15 2.64133e-12 1.21319e-16 2.85836e-16 7.21118e-14 2.07554e-13 1.88609e-16 1.59807e-16 5.80043e-14 5.26151e-11 1.07454e-12 1.38237e-12           1 1.87468e-16 1.16333e-12 2.95568e-15 2.94889e-12 2.41391e-11
8.79454e-14 6.59908e-16 7.77437e-13 3.05751e-15  7.2637e-13   2.059e-12 6.57482e-12 1.45516e-14 5.33576e-13 2.20465e-15 1.09152e-11 1.39061e-11 7.07634e-14           1 1.16964e-11 8.10309e-10 2.97958e-11 2.43586e-10
4.23668e-10 2.15658e-12 1.06538e-12 2.06841e-12 3.49331e-09 9.89027e-09 4.70697e-12 9.98581e-13 2.58782e-09 7.36988e-12 5.25103e-08 6.69194e-08 3.02815e-10 1.16955e-11           1 3.46057e-11 1.44898e-07 1.17234e-06
2.60349e-13 1.34821e-15 1.88209e-12 2.14795e-15 2.14796e-12  6.0911e-12 1.30503e-11 4.82801e-15 1.57988e-12 4.47496e-15 3.22952e-11 4.11495e-11 1.83112e-13 8.21808e-10 3.46051e-11           1 8.81806e-11 7.20788e-10
1.08078e-09 5.50413e-12 2.71504e-12 5.27069e-12 8.90277e-09 2.52645e-08 1.19951e-11 2.54474e-12 6.54007e-09 1.87976e-11 1.33594e-07 1.70842e-07 7.71656e-10 2.98092e-11   1.419e-07 8.81821e-11           1 2.98798e-06
8.82437e-09  4.4979e-11 2.21917e-11 4.30829e-11 7.27943e-08 2.06396e-07 9.80471e-11 2.08009e-11 5.35297e-08 1.53694e-10 1.09434e-06 1.39428e-06 6.30749e-09 2.43615e-10 1.17271e-06 7.20775e-10 2.98784e-06     1.00002
Overlap Matrix (abs) of the orthonormalized projected bands for spin 1
 at k-point    0 -0.4    0
maxDeviation is: 2.02887e-06
          1 9.27001e-15 2.46205e-14 3.73286e-14 1.77792e-11 5.04769e-11 4.60974e-15 1.65554e-15 1.29681e-11 6.04361e-14 2.67359e-10 3.40801e-10 2.27061e-12 1.64915e-14 2.86598e-10 2.51366e-14 7.30473e-10 5.97179e-09
4.83931e-15           1 2.60285e-16   1.264e-16  3.9461e-14 1.12351e-13 2.88882e-16 1.54408e-16 2.88158e-14 2.38089e-13 5.98127e-13 7.59912e-13 2.68269e-12 7.23231e-16 6.45072e-13 1.32151e-16 1.63073e-12  1.3346e-11
2.46193e-14 2.54732e-16           1 4.35871e-16 1.99706e-13 5.66757e-13 4.81601e-14 7.87261e-16 1.47262e-13 1.65488e-16 3.00295e-12 3.82353e-12 1.89425e-15 1.91226e-12 3.21857e-12 2.09421e-12 8.20202e-12 6.71243e-11
3.73283e-14 1.23557e-16 4.28205e-16           1 3.08194e-13 8.73233e-13 3.37029e-16 6.31354e-16 2.26236e-13 1.58339e-16 4.62959e-12 5.89523e-12 8.29689e-16  5.6067e-15 4.96182e-12 1.59626e-15  1.2645e-11 1.03486e-10
1.77791e-11 7.62316e-14 1.99704e-13 3.08195e-13           1 4.17148e-10 3.76909e-14 1.39334e-14 1.08098e-10 4.99832e-13  2.2106e-09 2.81606e-09 1.87429e-11 1.37633e-13 2.36685e-09  2.1113e-13 6.03581e-09 4.94275e-08
5.03492e-11 2.16604e-13  5.6676e-13 8.73239e-13 4.17049e-10           1 1.06989e-13 3.83355e-14 3.06585e-10 1.41767e-12 6.26479e-09 7.98552e-09 5.31261e-11 3.89454e-13  6.6995e-09 5.95887e-13 1.71337e-08  1.4011e-07
4.60669e-15 2.87015e-16 3.03376e-14 2.59762e-16  3.7693e-14 1.06983e-13           1  9.0503e-16 2.82994e-14 1.62912e-16 5.66806e-13 7.21886e-13  2.3365e-15 7.72572e-12 6.07181e-13 1.34721e-11 1.54738e-12 1.26638e-11
1.65606e-15 1.46331e-16 7.81403e-16 6.37286e-16 1.39381e-14  3.8342e-14 1.48187e-15           1  9.9375e-15 6.21351e-16 2.06276e-13 2.62441e-13 3.57952e-15 1.52453e-14 2.21325e-13 5.07873e-15 5.63208e-13 4.60896e-12
1.31257e-11 5.60542e-14 1.47259e-13 2.26237e-13 1.08183e-10 3.06371e-10 2.82934e-14  9.9313e-15           1 3.67612e-13 1.62896e-09 2.06378e-09 1.37794e-11  1.0049e-13 1.76619e-09 1.54117e-13 4.43349e-09 3.63282e-08
1.67929e-15 2.05459e-13 2.13867e-16 1.89089e-16 1.47758e-14 4.14499e-14 1.09528e-16 6.09094e-16 1.04878e-14           1 2.16726e-13 2.81296e-13 5.30033e-11 8.55109e-16 2.37631e-13 1.54185e-16 6.02745e-13 4.90817e-12
2.67101e-10 1.14884e-12 3.00288e-12 4.62956e-12 2.21143e-09 6.27005e-09 5.66715e-13 2.06146e-13 1.62308e-09 7.51856e-12           1  4.2306e-08 2.81694e-10 2.06283e-12   3.565e-08  3.1611e-12 9.05132e-08 7.42798e-07
3.39926e-10 1.46307e-12 3.82361e-12  5.8953e-12 2.81539e-09 7.97788e-09 7.21987e-13 2.62438e-13 2.07276e-09 9.56811e-12  4.2307e-08           1 3.58689e-10 2.62654e-12 4.53415e-08 4.02446e-12 1.15785e-07 9.45803e-07
2.09152e-16 2.64211e-12  3.9162e-16 4.34473e-16 6.62116e-15 2.24424e-14 3.36235e-16 3.39722e-16 1.28552e-14 5.26145e-11 1.02467e-13 1.41653e-13           1 1.64505e-16 1.19903e-13 9.38749e-16 2.92627e-13 2.44111e-12
1.64675e-14 7.28665e-16 7.80024e-13 2.80841e-15 1.37481e-13 3.89773e-13   6.573e-12 1.47052e-14 1.00322e-13 1.25286e-15 2.06244e-12 2.62656e-12 1.63561e-14           1 2.20808e-12 8.10302e-10 5.62554e-12 4.61097e-11
 2.8636e-10 1.22925e-12 3.21817e-12 4.96157e-12 2.37136e-09 6.73667e-09  6.0669e-13 2.20846e-13  1.7241e-09 8.04536e-12   3.564e-08 4.53707e-08 3.01893e-10 2.21205e-12           1 3.38956e-12 9.58327e-08 7.96276e-07
2.51383e-14 2.20767e-16 1.88165e-12  6.4157e-16 2.11037e-13 5.95996e-13 1.30525e-11  5.7438e-15 1.54021e-13 6.49879e-16 3.16105e-12  4.0258e-12 2.83301e-14 8.21815e-10 3.38538e-12           1  8.6351e-12 7.06608e-11
7.28542e-10 3.14148e-12 8.20246e-12 1.26451e-11 6.04239e-09 1.71065e-08 1.54737e-12 5.63014e-13 4.44782e-09 2.05254e-11 9.10434e-08 1.15311e-07 7.69412e-10 5.64285e-12 9.88306e-08 8.63339e-12           1 2.02873e-06
5.97212e-09 2.56861e-11 6.71242e-11 1.03487e-10 4.94265e-08 1.40112e-07  1.2664e-11 4.60765e-12 3.63283e-08 1.67991e-10 7.42734e-07  9.4586e-07 6.29672e-09 4.61039e-11 7.95911e-07 7.06623e-11 2.02887e-06    0.999983
Overlap Matrix (abs) of the orthonormalized projected bands for spin 1
 at k-point       -0.45 1.11022e-16           0
maxDeviation is: 4.10095e-06
          1 1.74958e-14 4.75841e-14 1.33809e-13 1.00662e-10 2.89171e-10 1.72233e-13 1.66913e-14 7.74147e-11 1.45873e-13 1.37472e-09 1.98937e-09  5.5093e-12 8.29923e-13 1.62692e-09 1.71621e-12 3.44212e-09 3.32422e-08
2.53671e-15           1 2.66987e-16 3.94057e-16 9.05007e-15 2.59837e-14 6.96878e-16 2.03436e-16  6.9873e-15 2.13751e-13 1.23908e-13 1.78954e-13 2.24313e-12 1.42776e-16 1.46787e-13 3.19515e-16 3.06418e-13 2.99338e-12
4.75819e-14 2.60397e-16           1 2.02064e-16 1.70824e-13 4.90437e-13 4.43089e-14 1.04238e-16 1.31359e-13 5.23861e-17  2.3318e-12 3.37405e-12 6.35478e-15 1.60559e-12 2.75907e-12 2.00838e-12 5.83756e-12 5.63926e-11
1.33809e-13 3.85182e-16 2.02064e-16           1  4.8289e-13 1.38721e-12 6.38456e-16 3.97008e-16 3.71291e-13  3.2511e-16 6.59549e-12 9.54182e-12 5.10422e-15 1.97268e-15 7.80495e-12 6.51041e-15 1.65089e-11 1.59484e-10
 1.0066e-10 6.28746e-14 1.70827e-13 4.82893e-13           1 1.04336e-09 6.21689e-13 6.06916e-14 2.79378e-10 5.26377e-13  4.9601e-09 7.17765e-09 1.98793e-11 2.99545e-12 5.86783e-09 6.19456e-12 1.24146e-08 1.19961e-07
 2.8907e-10 1.79999e-13 4.90421e-13 1.38721e-12 1.04323e-09           1 1.78512e-12 1.74698e-13 8.02624e-10 1.51278e-12  1.4243e-08  2.0618e-08 5.70887e-11 8.60344e-12 1.68395e-08 1.77908e-11 3.56718e-08  3.4454e-07
1.72234e-13  7.0999e-16 2.63269e-14 7.39359e-16 6.21689e-13 1.78509e-12           1 2.15201e-16 4.77955e-13 2.33411e-15 8.48672e-12 1.22782e-11  3.5364e-14 5.96503e-12  1.0045e-11 1.18492e-11 2.12442e-11 2.05229e-10
1.66918e-14 2.12544e-16 1.21991e-16 5.17114e-16 6.06943e-14  1.7472e-13 6.12658e-16           1 4.67934e-14 4.89898e-16 8.31056e-13 1.20262e-12 3.26428e-15 1.13487e-14 9.83248e-13  8.3014e-15 2.08059e-12 2.00991e-11
7.74496e-11   4.841e-14 1.31368e-13 3.71296e-13  2.7949e-10 8.02424e-10  4.7794e-13  4.6795e-14           1 4.04881e-13 3.82056e-09 5.51737e-09 1.52953e-11 2.30472e-12 4.53933e-09 4.76584e-12 9.54745e-09 9.22837e-08
1.06477e-14 1.82718e-13 2.23515e-16 4.23173e-16  3.7845e-14 1.09462e-13 1.81287e-15 5.72895e-16 2.92024e-14           1 5.19841e-13 7.58717e-13 5.08162e-11 5.15559e-16 6.09849e-13 6.35501e-16 1.31151e-12 1.25996e-11
1.37468e-09 8.55558e-13 2.33204e-12 6.59563e-12 4.96102e-09 1.42508e-08 8.48667e-12 8.31108e-13 3.81382e-09 7.19378e-12           1 9.80171e-08 2.71459e-10 4.09104e-11 8.02104e-08 8.45943e-11 1.69385e-07 1.63826e-06
1.98866e-09 1.23806e-12 3.37379e-12 9.54175e-12 7.17689e-09 2.06101e-08 1.22785e-11 1.20241e-12 5.52356e-09 1.04113e-11 9.80026e-08           1 3.92739e-10 5.91893e-11 1.15968e-07  1.2239e-10 2.45427e-07 2.37021e-06
2.99866e-14 2.23372e-12 3.37938e-16 4.55327e-16 1.06276e-13 3.07376e-13 2.78344e-16 3.30412e-16 8.64113e-14 5.04514e-11 1.46726e-12 2.12963e-12           1 1.16397e-15  1.7433e-12 9.39218e-16 3.68527e-12 3.55851e-11
8.29952e-13 5.88629e-16 6.45085e-13  5.0411e-15 2.99551e-12 8.60381e-12 5.05192e-12 1.13263e-14 2.30476e-12 4.09047e-15 4.09115e-11 5.91896e-11 1.64255e-13           1  4.8422e-11 6.69106e-10 1.02411e-10 9.89341e-10
1.62711e-09 1.01157e-12 2.76037e-12 7.80565e-12 5.87287e-09 1.68851e-08 1.00446e-11 9.83808e-13 4.50078e-09 8.51633e-12 8.02145e-08 1.16056e-07 3.21277e-10  4.8419e-11           1 1.00124e-10 1.99642e-07 1.93905e-06
1.71621e-12 1.16991e-15 1.85911e-12 1.12791e-14 6.19469e-12 1.77905e-11 1.14556e-11 6.33944e-15 4.76585e-12 9.11587e-15 8.45913e-11 1.22387e-10 3.39805e-13 6.77427e-10 1.00117e-10           1 2.11755e-10 2.04564e-09
3.44009e-09 2.14479e-12  5.8376e-12 1.65088e-11 1.24203e-08 3.56585e-08 2.12444e-11 2.08039e-12 9.56206e-09 1.80153e-11 1.69811e-07  2.4527e-07 6.79529e-10 1.02402e-10 2.01851e-07 2.11755e-10           1 4.10083e-06
3.32425e-08 2.06923e-11  5.6393e-11 1.59484e-10  1.1996e-07 3.44539e-07 2.05229e-10 2.00977e-11  9.2284e-08 1.73935e-10 1.63822e-06 2.37022e-06 6.56439e-09 9.89308e-10 1.93883e-06 2.04565e-09 4.10095e-06     0.99996
Overlap Matrix (abs) of the orthonormalized projected bands for spin 1
 at k-point -0.45 -0.45     0
maxDeviation is: 1.05096e-06
          1 2.69004e-14 1.41867e-13 1.79547e-14 2.58418e-11  7.4385e-11 6.16002e-14 1.12615e-14 1.99078e-11 1.22657e-13 3.53297e-10 5.12133e-10 5.51227e-12 2.73018e-13  4.1799e-10 6.07624e-13 8.86358e-10 8.54479e-09
1.30481e-14           1 3.54955e-16 3.62533e-16 4.67755e-14  1.3461e-13 8.33462e-16 5.11448e-16 3.60773e-14 2.13807e-13   6.397e-13 9.26281e-13 2.24399e-12 5.41778e-16 7.59608e-13 1.04693e-15 1.60433e-12  1.5461e-11
1.41869e-13 3.81981e-16           1 5.23691e-16 5.09442e-13 1.46602e-12 4.22942e-14 1.60525e-16 3.93167e-13  1.5846e-15 6.96586e-12   1.009e-11 1.19905e-14 1.59985e-12 8.24466e-12 2.00236e-12 1.74588e-11 1.68508e-10
1.79547e-14 3.81658e-16 5.11788e-16           1 6.48037e-14 1.85613e-13 6.86882e-16 1.61303e-16  4.9578e-14 4.19415e-16 8.81206e-13 1.27653e-12 8.38029e-15 1.73601e-15 1.04263e-12 4.47832e-15  2.2084e-12 2.13165e-11
2.58399e-11 9.67608e-14 5.09439e-13 6.48013e-14           1 2.66848e-10 2.20697e-13 4.05559e-14 7.14732e-11 4.40408e-13 1.26735e-09 1.83701e-09 1.97898e-11 9.79649e-13 1.49713e-09 2.18019e-12  3.1747e-09 3.06727e-08
7.42848e-11 2.78151e-13 1.46604e-12 1.85599e-13 2.66715e-10           1 6.36122e-13 1.15383e-13 2.05792e-10 1.26654e-12 3.64225e-09 5.28656e-09 5.69419e-11 2.81768e-12 4.29253e-09 6.27129e-12 9.14699e-09   8.822e-08
6.15984e-14 7.80996e-16 2.83665e-14 6.74022e-16  2.2069e-13 6.36133e-13           1  3.7294e-16 1.69832e-13 7.19525e-16 3.02039e-12 4.37536e-12 4.31832e-14 5.96856e-12 3.57403e-12 1.18516e-11 7.57156e-12 7.30766e-11
 1.1263e-14 5.01289e-16 1.82941e-16 2.37003e-16 4.05584e-14  1.1539e-13 2.50666e-16           1 3.10254e-14 2.37703e-16 5.50682e-13 7.97528e-13 8.74536e-15 4.46251e-15 6.51604e-13 6.56679e-15 1.38023e-12 1.33215e-11
1.99421e-11 7.43335e-14 3.93159e-13 4.95772e-14 7.15857e-11 2.05593e-10 1.69836e-13 3.10229e-14           1 3.39028e-13 9.82291e-10 1.41256e-09 1.52506e-11 7.55663e-13 1.17999e-09  1.6821e-12 2.44564e-09 2.36565e-08
2.47702e-14 1.82657e-13 1.32445e-15 5.46914e-16 9.00104e-14 2.60214e-13 4.06489e-16 4.39577e-16 6.98519e-14           1 1.24034e-12 1.78238e-12 5.08082e-11 1.59395e-15 1.46306e-12 2.20707e-15 3.08808e-12  2.9911e-11
3.53247e-10 1.32097e-12 6.96565e-12 8.81201e-13 1.26827e-09 3.64996e-09 3.02072e-12 5.50682e-13 9.75559e-10 6.02181e-12           1 2.51079e-08 2.70597e-10 1.33935e-11 2.05425e-08 2.98035e-11 4.32451e-08 4.19317e-07
 5.1142e-10 1.91355e-12 1.00902e-11  1.2764e-12 1.83626e-09 5.27868e-09 4.37514e-12 7.97479e-13 1.41873e-09 8.70289e-12 2.50933e-08           1 3.91965e-10 1.93994e-11  2.9673e-08 4.31672e-11 6.29967e-08 6.07317e-07
1.78112e-14 2.23166e-12 4.48729e-16 4.43144e-16 6.49683e-14 1.85812e-13 9.86839e-17 1.45301e-16 5.55601e-14 5.04442e-11 8.57781e-13 1.24671e-12           1 3.84418e-16 1.01919e-12 2.17624e-15  2.1571e-12 2.08212e-11
 2.7301e-13 1.11685e-15 6.51559e-13  2.3116e-15 9.79657e-13 2.81839e-12 5.05892e-12 4.32137e-15 7.55454e-13 3.92054e-15 1.33943e-11 1.94002e-11 2.11157e-13           1 1.58498e-11 6.69117e-10 3.35593e-11 3.24042e-10
4.18155e-10 1.56247e-12 8.24348e-12 1.04281e-12 1.50218e-09 4.33809e-09 3.57585e-12 6.51755e-13 1.14144e-09 7.10833e-12 2.05466e-08 2.97616e-08 3.20238e-10 1.58511e-11           1 3.52726e-11 5.03577e-08 4.96319e-07
6.07634e-13 2.16796e-15 1.86228e-12 3.54165e-15 2.18022e-12 6.27104e-12 1.14478e-11 8.77351e-15 1.68206e-12 1.05063e-14 2.98016e-11 4.31655e-11 4.63337e-13  6.7741e-10 3.52665e-11           1 7.46968e-11 7.20936e-10
8.84312e-10 3.31115e-12 1.74587e-11 2.20825e-12 3.18041e-09 9.13363e-09 7.57103e-12 1.38005e-12 2.46037e-09  1.5059e-11 4.36707e-08 6.28409e-08  6.7818e-10 3.35788e-11 5.25671e-08 7.46937e-11           1 1.05084e-06
8.54505e-09 3.19603e-11 1.68508e-10 2.13156e-11 3.06719e-08 8.82194e-08 7.30769e-11 1.33204e-11 2.36567e-08 1.45518e-10 4.19274e-07 6.07329e-07 6.54574e-09 3.23987e-10 4.96096e-07  7.2096e-10 1.05096e-06     0.99999
Overlap Matrix (abs) of the orthonormalized projected bands for spin 1
 at k-point       -0.35 1.11022e-16           0
maxDeviation is: 1.24332e-05
          1 2.59184e-15 1.74272e-16 6.48158e-17 4.04337e-14 1.17595e-13 1.18301e-16 6.39875e-16 2.74727e-14 2.69304e-13 6.74221e-13 7.86289e-13 3.11981e-12 4.39356e-16 6.79713e-13 1.55401e-16 1.59167e-12 1.38351e-11
2.24529e-15           1 6.75928e-16 1.73144e-14 6.91911e-12 1.99372e-11 2.28587e-15 7.45696e-16 4.90462e-12 3.46602e-14  1.1586e-10 1.32562e-10 1.13824e-12 1.44316e-15 1.22117e-10   4.745e-15 2.74761e-10 2.36161e-09
1.74285e-16 6.75729e-16           1  5.5788e-16 1.48384e-14 4.21519e-14 5.26498e-14 5.77599e-16 9.70395e-15 3.15459e-16 2.45723e-13 2.86754e-13 6.49243e-16 2.27926e-12 2.47834e-13 2.16578e-12 5.81546e-13 5.04795e-12
6.54371e-17 1.73147e-14 5.46721e-16           1 2.61371e-13 7.58082e-13 3.40865e-16 8.60591e-16 1.77838e-13 2.80891e-17 4.34481e-12  5.0716e-12 9.98833e-16 2.53264e-15 4.37298e-12  3.2028e-15 1.02731e-11 8.91745e-11
3.37132e-14  6.9066e-12 1.48381e-14 2.61369e-13           1 3.09236e-10 3.79327e-14 1.38201e-14 7.26185e-11 5.38144e-13 1.77263e-09 2.06826e-09 1.76121e-11 1.60306e-14  1.7862e-09 7.11969e-14 4.19383e-09 3.63733e-08
 9.8001e-14 2.01705e-11 4.21508e-14 7.58077e-13 3.09311e-10           1 1.09212e-13 4.12184e-14 2.11033e-10 1.56426e-12  5.1527e-09 6.00911e-09  5.1196e-11 4.68102e-14 5.19822e-09 2.07514e-13 1.21629e-08 1.05719e-07
1.16095e-16 2.28611e-15 3.17883e-14  2.8412e-16 3.79336e-14 1.09209e-13           1 7.97254e-16 2.63057e-14 2.36054e-16 6.20245e-13  7.2431e-13 3.03748e-15 9.80801e-12 6.24373e-13 1.50095e-11 1.46733e-12 1.27361e-11
6.38122e-16 7.45963e-16 5.14207e-16 7.49401e-16 1.38173e-14 4.12065e-14 8.49285e-16           1 8.32916e-15 1.32931e-16 2.28636e-13 2.66778e-13  1.4055e-15 1.44959e-14 2.30173e-13 1.74345e-14 5.40524e-13 4.69216e-12
 2.3113e-14 4.59759e-12 9.70798e-15 1.77839e-13 7.25855e-11  2.1115e-10 2.62937e-14 8.32716e-15           1 3.67094e-13 1.20723e-09 1.41599e-09  1.2036e-11 1.05579e-14 1.19888e-09 4.86481e-14 2.86389e-09 2.48175e-08
2.33325e-13 2.35064e-15 3.20512e-16 1.25093e-17 3.69266e-14 1.07068e-13 1.87206e-16 1.43911e-16 2.55334e-14           1 6.15789e-13 7.07741e-13 5.49075e-11 2.07659e-16 6.34722e-13 5.97634e-16 1.41583e-12 1.25892e-11
5.61865e-13 1.14667e-10  2.4571e-13 4.34477e-12 1.77194e-09  5.1494e-09 6.20211e-13  2.2867e-13  1.2102e-09 8.96324e-12           1 3.44648e-08 2.93366e-10 2.67991e-13 2.96614e-08 1.19042e-12 7.00173e-08 6.05748e-07
6.55949e-13 1.35084e-10 2.86751e-13 5.07158e-12 2.06889e-09 6.01573e-09 7.24389e-13 2.66878e-13 1.40889e-09 1.04706e-11 3.44518e-08           1 3.42456e-10 3.12692e-13 3.46632e-08 1.38756e-12 8.11562e-08 7.07158e-07
3.04898e-12 1.90871e-14 1.52123e-16 2.98388e-16 2.76564e-13 8.06527e-13 3.45235e-16 8.83425e-17 1.71728e-13 5.44979e-11 4.59701e-12 5.36008e-12           1  4.5408e-16 4.61928e-12  4.8524e-16 1.08564e-11 9.42211e-11
4.38421e-16 1.36616e-15 9.39276e-13 9.23412e-16 1.60734e-14 4.66371e-14 8.33044e-12 1.51504e-14 1.07703e-14 2.56698e-16 2.67786e-13 3.12833e-13 2.46497e-15           1 2.69603e-13  9.8926e-10 6.31758e-13 5.49794e-12
5.64074e-13 1.12846e-10  2.4781e-13 4.37287e-12 1.78239e-09 5.16876e-09  6.2416e-13 2.30075e-13 1.23152e-09 9.00576e-12 2.96891e-08 3.46766e-08 2.95265e-10 2.69859e-13           1 1.20089e-12  7.1791e-08 6.09502e-07
1.02544e-16 4.71523e-15 1.87971e-12 2.81449e-15 7.14444e-14 2.07566e-13 1.46002e-11 1.73503e-14 4.86056e-14 8.29441e-16 1.18727e-12 1.38845e-12 1.24804e-14 1.00543e-09 1.19294e-12           1 2.81201e-12 2.44049e-11
1.33041e-12 2.70389e-10 5.81677e-13  1.0273e-11  4.1873e-09 1.21942e-08 1.46734e-12 5.40665e-13 2.85184e-09 2.12258e-11 6.95153e-08 8.18307e-08  6.9367e-10 6.35932e-13 6.85658e-08 2.81093e-12           1 1.43237e-06
1.15307e-11 2.36248e-09 5.04799e-12  8.9174e-11 3.63742e-08 1.05717e-07 1.27358e-11  4.6932e-12 2.48174e-08  1.8399e-10 6.05805e-07 7.07079e-07 6.02136e-09 5.49915e-12 6.09876e-07 2.44054e-11 1.43223e-06     1.00001
